1358
1337
377
402
666
1895
1312
1057
1533
1638
1512
1325
1837
98
963
758
1386
709
149
647
1856
906
1127
882
1459
878
1155
304
1679
658
574
152
553
153
1032
1016
18
690
1958
1615
343
1230
102
192
990
1233
140
915
1999
409
1853
302
548
1281
113
993
1074
4
1363
1274
673
114
1210
1728
1031
1890
135
72
28
1380
1468
1256
1600
501
1523
788
334
885
586
1160
1214
1484
344
1345
214
844
820
745
1929
1601
1911
961
1002
884
1050
853
1950
1540
1662
1770
1283
1475
558
118
1373
895
1871
425
1429
1061
23
1622
1462
1290
563
1744
1859
293
67
1409
1906
1693
619
520
482
183
250
1920
1706
1435
1692
568
196
608
744
1951
1771
1643
54
932
784
1456
1083
1632
465
1449
391
1949
232
452
1669
1189
356
953
1099
473
1221
497
442
1768
475
785
1786
1979
860
1489
1332
1620
127
567
854
956
1566
633
965
1936
1918
327
1527
83
1310
1142
1960
617
50
1250
1589
578
148
1350
694
1198
1053
829
927
676
870
867
336
747
753
1893
89
1680
1017
193
1033
1599
494
1953
169
1104
723
1811
1637
604
955
850
1982
1302
1039
1270
139
352
246
1191
926
1141
210
180
792
1952
1014
1656
266
413
904
1421
1203
371
1427
1184
924
842
254
1118
1825
1948
1055
1793
332
164
1563
269
1875
136
506
1265
393
400
772
1735
1565
1972
238
960
761
1551
459
1628
1004
616
816
869
729
1645
1816
892
1713
239
1710
1175
1571
1870
921
1987
1676
1130
1858
81
893
1480
1716
456
1295
640
36
1598
289
1878
1384
636
1112
124
88
1199
243
109
1649
583
901
438
907
1172
528
987
87
742
1777
47
1874
693
861
33
1959
1408
1787
1850
284
1851
1833
845
543
874
388
411
763
281
1271
1764
1049
881
1945
1382
888
151
1355
1812
1788
378
252
1546
12
781
213
1308
544
1508
1832
1212
1309
260
1730
6
1344
1371
1025
1097
38
909
389
1574
339
1208
1213
1067
1887
1362
1258
453
223
1158
1852
351
1003
499
363
748
1592
1062
603
1419
1352
373
1681
674
1518
983
167
614
1879
1696
1136
833
579
1401
1307
1273
887
187
1391
776
435
133
705
360
1836
1737
1192
1722
1596
509
1912
791
1064
572
144
1758
1761
1515
1440
900
996
1877
1060
279
1392
1131
1054
573
1767
1846
1447
1660
644
727
417
695
1434
1335
1810
315
606
1400
1457
403
1611
1458
698
653
976
1260
1261
1303
1727
631
1487
179
1872
898
40
1201
287
1749
1755
451
126
1769
1909
1717
242
1444
1944
1616
1317
17
817
1056
305
454
176
1674
1883
1898
967
1037
1994
1304
166
1124
1249
834
714
1472
1188
1464
1955
661
1925
1497
467
1510
1353
1372
1093
1275
217
502
430
156
263
1100
1147
52
341
1297
476
1754
856
1865
1023
65
797
1663
53
1974
257
326
807
1784
410
1521
1374
1356
1868
206
63
3
890
1534
584
1410
275
814
764
880
1170
82
1494
61
1863
1254
670
146
1488
979
554
1543
1614
822
493
1165
1437
1583
722
1176
1040
706
1922
1829
1782
1314
1171
1511
1232
337
793
1455
1985
1412
730
535
372
1908
197
1665
1051
1403
622
1357
629
541
1847
762
1694
75
985
1537
1824
358
699
717
1751
333
39
1729
1454
222
837
367
1347
1267
1223
1182
1285
1506
1038
19
60
912
155
649
1466
364
432
638
830
335
165
825
259
719
46
1092
632
1849
56
80
1244
1186
1498
836
162
1292
1746
790
117
1078
1162
662
294
381
1320
635
721
1451
1966
1375
1376
917
1561
1691
462
328
1970
1554
1704
1559
1569
1005
751
1113
1080
1780
1797
1873
799
1394
1207
101
984
1740
1759
21
1101
472
627
1338
1760
1178
424
1888
1220
1807
1044
530
1193
43
552
805
282
1684
1738
310
679
1757
651
1803
681
859
1930
1280
1919
599
868
671
1205
1079
746
862
58
1587
786
128
1698
1428
1287
1573
123
1148
1217
539
637
843
1058
105
610
455
914
1841
8
234
1387
1827
376
1544
449
1636
427
1322
433
1673
321
1011
286
194
331
37
436
219
1831
1973
1733
416
911
1399
9
1087
1917
865
1881
780
1968
270
241
1591
550
1604
1986
29
1177
1197
1845
125
295
147
1840
1781
555
811
414
191
1463
1413
641
577
798
1607
201
1323
1609
1378
728
62
950
602
1145
422
523
1682
1168
1085
903
1027
248
531
486
32
571
1467
787
1848
1907
1200
863
1914
1348
1588
31
740
1708
1552
1766
45
1047
483
1343
818
664
1294
1164
1381
1043
980
540
1163
943
1490
1341
322
803
35
1568
1597
245
1509
244
490
1481
524
69
1536
177
261
1082
1743
1319
1507
873
562
716
532
1442
668
847
930
93
1998
810
264
625
952
205
1226
138
1519
1613
488
143
896
1495
680
1306
296
1548
922
875
198
216
1326
159
1377
16
767
1969
111
1169
27
683
1173
934
1978
726
298
591
973
1070
1446
1897
620
390
533
251
485
1928
1426
1041
1354
1763
944
1783
90
974
1900
1277
1926
735
1572
1556
507
1894
1567
1886
68
1539
1670
802
1238
1300
1668
1889
986
948
5
1161
1028
1612
460
1595
79
357
1939
1036
208
777
794
1415
1582
682
1714
1677
659
1167
57
1146
872
1253
1772
826
25
667
1369
1819
160
91
95
1077
1869
1239
448
1450
1204
421
221
439
703
1538
835
142
800
175
508
168
972
936
1915
1658
395
852
925
1584
272
1098
1491
1790
769
240
1927
1884
1957
496
495
330
1526
928
49
1268
949
1246
1088
1941
596
560
739
1340
226
652
384
1183
385
828
905
1063
561
13
1486
1305
902
1329
71
648
249
1496
1423
738
997
832
1024
517
1225
1105
382
889
771
188
1084
702
265
94
585
1765
1139
1187
1453
431
1465
537
1021
689
121
549
1103
48
1542
718
1196
340
1266
342
1242
1619
255
1980
1818
684
711
1194
463
732
1114
1773
1821
626
505
1149
379
801
313
639
1106
557
258
660
471
1425
1365
782
24
415
654
613
1798
1436
736
1866
899
1562
2000
1535
1839
910
1157
1963
1675
1185
1932
918
292
725
1864
981
1215
1899
942
262
1653
871
855
1923
374
338
1420
137
1697
939
195
1664
1516
516
823
1610
1815
145
1933
361
1804
229
908
1311
775
720
1298
186
1151
919
1289
237
795
1618
1805
227
1935
1251
1081
70
796
804
22
675
840
1775
1625
199
756
968
1581
1992
66
510
1359
1654
1493
657
1089
954
1916
1452
1236
513
1854
469
181
989
645
1685
1042
1299
618
1000
1977
362
1700
1461
1860
489
1009
556
1109
1418
1555
353
768
1126
1129
526
731
119
484
271
1913
757
1383
759
1245
525
312
866
1550
1008
440
1861
929
10
178
750
1195
443
1218
1476
1689
1655
1018
458
1121
1156
288
580
1110
1835
1991
1228
457
692
1264
1502
1631
42
1747
329
536
891
1227
370
1983
1826
1707
760
1931
1844
301
247
1272
521
1259
1216
1742
359
99
1318
518
789
1593
1585
1576
503
630
1174
607
710
770
576
1119
383
1695
1683
1745
1361
1331
461
1530
1115
446
365
78
1262
779
1984
1052
1857
615
1473
1862
687
883
157
1996
1111
1029
1629
1942
1006
701
1557
1069
297
1806
1206
812
1072
1234
419
1470
236
207
545
1328
1367
141
1671
1500
511
386
1247
937
1718
355
1964
1346
877
969
1398
1910
1122
1360
1483
1117
203
766
1524
345
1778
1686
445
1128
1152
857
116
1405
600
1635
672
163
564
1333
1209
1492
1073
212
209
1190
1293
267
849
1015
1402
349
129
215
369
1779
1007
1981
1603
1370
515
1313
609
11
1956
1153
1545
624
1
1896
678
396
1699
1901
447
1549
303
643
656
529
434
1905
988
864
749
819
1814
76
774
1954
1531
752
737
1720
1366
122
1726
593
590
73
1880
1022
224
426
1606
1123
1316
1406
1989
233
1633
966
581
1469
1520
1590
1211
1296
174
1237
582
841
1478
1813
1397
1282
1222
1132
106
1231
398
318
1641
498
1379
34
1279
994
519
827
172
1278
392
597
1441
1393
110
879
350
444
1608
1034
527
1817
1096
1650
998
1144
569
346
1321
1666
685
1243
595
64
1150
1166
401
522
1924
1630
559
1477
1570
277
1219
450
1430
621
588
1560
130
173
806
1553
1702
1315
256
1390
487
1094
190
120
1575
285
951
733
1997
1514
85
920
642
1045
1792
724
1648
278
1517
1351
839
612
946
477
1741
1801
575
623
1066
316
991
1715
1522
1990
1577
1269
1578
1291
1885
1102
1301
1068
97
1962
1558
1417
964
1501
1090
418
1368
274
1802
1020
408
514
1627
1892
592
218
945
808
1349
1086
1947
1820
669
1389
589
1867
317
1921
1734
821
291
171
375
1095
1432
1091
1626
1943
1753
1334
1882
231
1327
957
1116
916
1138
132
1652
1703
309
1594
1071
1181
1438
1639
1107
412
1725
1937
1701
1687
1276
92
1756
1411
876
1407
200
894
1048
1445
429
1504
1547
931
404
551
970
470
84
1284
1800
1688
185
319
1439
947
1257
405
547
276
441
754
712
1823
1946
2
1448
1842
1252
565
650
1482
1248
1838
1528
1159
1830
605
1385
273
1525
314
587
1255
958
481
1732
1388
225
394
824
743
1965
598
182
715
1752
815
1433
977
324
474
1651
700
962
268
1876
1678
1263
1938
1795
348
134
512
468
100
1286
464
323
941
308
1364
1809
778
1731
1414
1785
1605
1235
1532
1046
1431
1035
399
7
1143
1739
184
999
1396
158
1940
115
546
504
366
104
809
59
734
741
96
20
677
1724
55
1479
290
1672
1634
51
1001
14
15
975
1828
368
1646
846
325
831
1711
688
1624
1134
380
1659
838
534
1719
1934
886
1623
707
1474
131
347
300
280
387
437
1903
1750
107
1791
1342
1180
1395
1422
1030
1013
1690
1330
913
1485
478
1976
851
1140
570
30
235
1541
1993
1834
74
161
1621
1667
1644
995
938
959
170
897
77
1961
1736
1499
978
813
1580
848
1460
1059
1762
1640
1642
1076
1602
992
1971
1808
691
982
708
765
306
1904
628
1120
696
1661
189
1843
1975
407
423
1229
1135
1988
1202
1019
397
1513
1026
108
283
1424
1503
1891
646
601
1902
1776
1075
1137
466
1240
634
858
697
500
971
220
1154
86
1709
933
773
320
611
1125
594
1822
26
1065
1108
307
1794
1324
41
1404
1179
1657
1529
1586
1564
211
420
1799
1705
1748
228
923
428
1505
1723
663
491
204
704
1339
103
1336
1721
1443
1774
1995
202
112
1133
1789
566
1647
1224
1010
492
44
755
1796
479
935
230
406
542
1416
253
783
1579
1241
1712
1617
538
154
1967
480
940
686
1471
1012
713
1288
299
655
1855
354
665
311
150
