581
3132
471
1383
763
3513
3583
1415
2697
740
746
1835
639
3514
2107
530
1877
602
2198
3280
3368
1201
3499
2695
3091
3393
3357
3082
3405
2122
3137
842
1035
1571
3626
306
3375
3991
1396
1366
3081
831
220
1479
1256
2241
579
3734
2083
99
1964
953
698
3799
136
1942
3558
3008
3876
3020
114
3470
2150
1632
625
2355
2877
3662
1716
2670
1286
714
3891
659
1282
319
3806
3024
3119
2544
2448
3102
1766
1687
1417
2574
60
74
211
526
2444
3306
3221
149
1682
2699
2796
1234
2899
1099
3639
836
2261
1266
215
1021
651
1848
3442
1265
2911
3174
767
2112
845
3665
1330
516
1657
143
1631
3753
969
2965
2170
3118
1755
2987
2589
2200
2168
441
1883
3337
3186
2465
3447
2678
1933
267
1630
3530
611
2427
1663
1374
194
2757
3556
3410
2085
2637
3616
1163
3842
2286
2919
2166
3320
1966
13
1088
1112
1801
1368
463
2873
2580
3517
1842
2839
1082
3870
1854
177
470
1244
1302
156
944
3977
3655
754
3182
3617
2064
3027
1237
576
3619
2626
1100
3782
196
561
427
3351
2485
1799
3972
1284
311
3066
3219
1255
2898
2280
3053
1689
417
8
3709
1493
2501
261
88
654
2330
2231
3973
3235
1101
3557
2714
3884
2155
3864
3309
947
664
3166
3164
280
3431
58
1537
965
2457
3144
692
2597
3767
2243
1445
2752
1937
1893
553
3153
3281
1639
2101
3885
2368
2935
749
456
535
3784
2537
202
3385
3722
2320
1075
2162
3101
1261
2378
135
2822
1455
857
3634
2287
3989
1094
1546
1735
3294
1732
614
3455
3988
374
3113
1967
2245
718
233
549
752
2762
2546
1832
2845
1124
2790
3100
3303
2593
2272
1353
2052
599
436
3188
615
1504
3443
257
1587
214
547
2917
2447
1003
2953
1923
2776
1323
1530
1708
723
3274
668
1080
1327
2930
768
1622
2419
815
828
555
3515
121
376
1299
1276
942
697
2817
2391
3857
3739
1552
1128
2949
2270
734
3940
1067
3631
2735
2439
1559
916
2082
720
3693
1640
3002
1721
3522
1361
658
3341
3893
3347
1503
1564
1470
1572
3350
1958
551
2394
1901
511
2301
2226
346
3838
2741
505
1761
2591
3152
2073
2466
564
2414
2760
3651
2250
2968
22
462
1868
1852
366
7
1011
449
2269
779
1225
2341
859
3591
3244
873
1747
3233
3671
2024
2458
710
1173
466
3060
2705
1970
1573
270
3015
848
20
2480
2592
2362
3243
1753
2912
2916
1037
3096
1940
3628
3295
1421
3978
3413
3139
1324
3880
2102
129
3193
2505
1986
1119
59
1620
870
2013
809
1963
2139
21
365
2395
130
772
1148
3815
1449
2066
224
3987
1599
3769
954
332
3121
444
1139
1495
3123
1102
3618
1857
2451
1262
3050
3076
529
1828
2988
798
1103
3500
1511
991
3872
2882
864
699
3240
2778
3715
3569
689
758
1954
2814
1472
373
1574
2951
206
3324
358
3054
1548
1264
483
3296
868
1615
2312
1903
3485
2990
496
905
1697
2110
1177
869
2881
1304
134
1775
86
2758
3765
400
3355
911
2058
3163
3831
3210
3463
109
1634
3433
2535
1674
3090
3554
856
907
3627
765
2957
3327
2017
3372
3773
3901
1017
571
713
2933
3250
2140
3624
148
1748
157
3396
967
2005
378
1746
1882
89
476
3473
2392
1477
2342
537
2533
3609
431
1607
260
3199
2853
1864
3488
3211
1022
2090
2983
3678
912
138
2433
1143
2030
3083
1320
97
1754
1050
999
297
2613
2273
2542
1089
1673
721
1723
302
2393
2645
3797
3478
2843
1032
1114
3560
3417
2498
1150
169
1581
500
557
3
1724
2532
1658
2211
3425
3068
1887
2346
1391
377
3727
62
2369
2894
486
3577
1987
2728
620
507
2590
2184
2517
3434
1855
3817
3923
3476
71
3661
2736
2552
3362
2040
733
3415
1512
3622
2100
3829
3305
940
2941
3301
1387
2249
290
2587
973
1786
1878
3867
2217
3544
1352
1009
2808
3069
1232
3850
3332
480
2345
3343
1454
2585
2628
2644
2361
2823
2131
1869
2373
3367
1586
2992
3860
2661
2871
2014
421
3249
3538
3562
854
12
1840
1492
669
2143
2636
2914
1774
1601
844
1429
174
2807
1928
2061
3669
4000
2315
1830
1198
1693
3037
619
2470
3457
1406
2812
66
2473
2019
533
3171
3826
3920
2212
1722
122
2467
2545
523
1052
3374
2862
985
562
735
2277
1595
3423
2554
1749
785
3262
2936
154
2660
1900
3960
3785
1494
3790
3861
681
102
3852
1520
2455
3645
610
403
832
2947
1249
3550
2993
3737
1423
543
3511
852
361
1215
988
1030
3813
2531
1655
1206
1797
1584
3326
3035
2225
2974
2901
3403
2789
1182
2867
307
2068
2576
1375
3005
3064
2702
1874
2357
3142
3196
1890
314
281
1802
467
2503
3071
345
2857
3028
3816
2224
428
872
1938
638
2206
1651
2043
2852
862
116
1424
590
3922
661
686
2142
2353
1247
3905
1604
3471
2902
2351
96
3213
2948
3086
3534
2819
3783
84
3572
2928
1096
2504
3526
1074
1843
3120
1413
2015
2639
2403
4
1555
2826
3886
61
342
1464
1899
2518
285
1435
3879
141
741
1180
108
1105
416
829
2567
2854
1638
324
1224
2431
2117
882
3890
3537
1390
3948
738
372
987
3477
802
2244
3181
2446
2981
920
2366
2104
3505
2370
2412
2672
175
3608
1806
170
142
2189
1813
1311
3697
808
288
1481
865
979
1462
1487
1047
2148
111
3992
254
2651
902
3656
3004
2727
3003
3151
1650
1725
913
1866
3660
2931
419
1162
1097
744
766
1305
3440
1285
3421
2375
2116
1152
813
2747
2092
3993
3751
2963
33
3692
933
2135
2113
731
1171
1891
1384
787
2098
1876
1149
671
3136
1853
3866
1950
1130
2371
2305
2125
1895
2740
1926
3284
2056
1312
756
3947
2879
1205
1685
3445
2031
2161
739
2512
3055
3373
3449
3147
1943
3092
925
2044
3540
1157
3766
118
1344
2021
3851
2311
3888
93
3338
326
2207
640
3192
860
2405
1661
2635
2175
762
1719
3921
2307
1430
2165
3146
1993
1111
19
536
849
2242
395
3887
2144
580
1977
705
305
2121
807
1113
2011
3339
2583
3726
3481
223
914
1641
1376
1471
2203
1642
3868
732
2484
945
680
2230
1369
3365
1623
198
2924
1547
2400
1144
283
2097
1698
1416
1783
1516
484
728
399
81
2763
630
2010
2991
1660
2907
791
2450
1048
249
150
1952
1499
2927
811
1448
3953
812
1034
273
2418
774
2399
3288
1736
2909
2746
528
1914
1207
2347
2065
2313
2163
2438
2422
3019
3383
3290
3378
2401
3178
439
2686
2136
1403
3607
1792
2070
87
119
3228
2579
887
3915
1076
2432
1393
3525
3045
2642
2905
3177
298
3052
1452
2374
180
1880
68
3601
806
510
1921
2788
1764
1991
1769
2543
2890
1738
2486
3848
499
2141
3938
3741
1027
2338
2095
3012
3528
1123
3984
2398
336
3480
1701
3380
2538
2334
2806
1488
201
3733
352
3713
1838
1456
1621
287
3740
542
2793
2722
3197
3010
959
1161
495
2708
819
2801
112
3738
2939
1427
2344
1816
2737
3167
690
866
2524
1825
3687
243
3277
2059
3016
1174
3950
3549
582
3307
3011
3501
3259
452
1321
1551
858
684
847
747
1342
2265
1846
325
3359
163
2063
2608
3749
2208
1341
1917
1983
3951
1364
2124
1847
2624
922
2777
493
3286
2733
2809
328
2851
1458
2874
3322
3063
1049
2655
3047
3846
3803
1949
1995
3386
931
2754
2684
2234
655
3502
2377
3677
2022
357
2918
1062
3856
3775
1199
2601
1800
348
3658
2640
2506
643
3929
2743
1125
606
2895
2316
986
2411
2972
632
127
1772
597
3381
17
3825
3664
2558
3969
2421
43
2472
2456
1741
1851
1159
2009
1354
3688
1976
1041
1322
2663
3006
2075
1023
3183
3079
1502
36
50
1733
783
770
618
777
830
468
3621
1795
1005
2247
1398
3644
2176
3046
3155
1243
1485
591
2074
2876
803
1121
229
2896
1744
672
1790
1090
3516
73
881
3049
1110
3835
3587
3384
383
2827
3506
1969
1461
1362
3805
90
1759
1326
3548
2332
1004
917
3794
1028
2641
2335
1093
2631
1008
1904
1821
3115
454
3487
778
2604
363
3482
3429
2643
29
80
538
1897
2765
2723
593
545
3675
316
2966
110
304
1095
1084
2958
2682
3869
2304
3273
3807
2910
596
1956
3180
3364
1699
1245
3369
2215
703
1714
1668
3223
893
1758
3818
450
2547
1560
2572
1185
918
2489
443
3349
1211
980
2842
2846
885
477
2476
631
3479
37
3158
588
3492
401
2258
3640
2381
2742
514
3382
2420
1355
67
1934
1549
3510
147
1389
63
1539
255
709
2665
1500
2716
532
1550
3161
338
2676
3745
3459
2561
780
3246
2027
687
2054
353
660
300
351
1590
1480
1593
554
1057
64
2359
2210
1167
1365
1242
946
851
2704
1388
2810
3191
191
3937
1367
3190
3207
3300
609
2855
3595
3919
2167
1818
2123
3802
65
559
2549
921
3682
3589
1770
3724
3387
3344
2657
3217
2239
1315
3065
3942
1040
2276
3750
3458
2889
2153
1654
1356
2673
268
3680
1437
3150
666
2337
1737
2522
1405
1988
890
3962
825
3464
895
2863
3787
1850
834
736
3643
2634
843
3694
3363
2364
1146
2278
1824
2333
2219
879
3845
2356
1529
1998
3391
2429
3201
892
3497
578
2081
896
3260
2084
3013
3914
1616
3949
3925
397
2094
1434
3705
2197
1045
3462
3877
1001
2734
3009
2156
2638
677
1233
983
1251
1056
1379
9
335
371
2146
1186
1236
1431
3789
3453
1474
1250
339
1509
2397
3345
2229
757
3172
98
1068
2404
1712
1798
1281
748
1540
2171
415
18
3714
521
2848
527
3592
1468
2904
1154
2105
3731
3175
47
1346
904
3625
2961
3239
3638
1072
2254
685
2800
2577
800
3958
1280
1098
1612
558
2020
761
3524
2605
2653
1273
482
3659
2530
1140
3448
173
3127
3761
2975
3529
187
1594
2964
1433
2416
706
3690
1168
3323
1618
2745
3418
3723
2463
1867
2564
1664
245
3642
2751
52
2389
362
2813
238
2614
1911
2837
1014
1672
1781
1489
2151
1055
200
2202
1019
3963
1
1734
2430
3985
644
1220
2721
2715
2259
3483
3571
1980
3493
3491
1218
1484
1248
3930
2804
676
3959
2050
2262
1679
665
1885
2483
2308
2157
2314
3575
3604
2039
1179
331
212
3672
41
567
3275
1756
438
3764
2915
320
3107
432
971
1018
2328
3074
2115
1839
961
244
515
3931
2292
31
2878
1974
1116
2297
3001
966
3291
1213
2138
2434
3238
2496
3451
1043
1253
246
1729
2821
1968
876
1272
461
3679
3633
1836
544
1677
616
1837
3234
433
3067
3903
390
322
3563
2281
1681
3173
1507
667
167
2920
504
1222
955
3331
1684
3468
3897
3031
2559
2586
1527
3917
40
2216
153
2755
1122
3565
2750
101
440
1561
1131
369
2973
1918
2731
1401
2319
2766
1133
3366
294
27
3648
3104
2875
2945
132
1358
1436
577
2415
3310
3810
2913
492
1197
2885
2348
1350
508
3159
3768
2318
3126
2285
1147
2511
3279
445
2160
3272
2693
1881
1065
2482
2513
3371
3254
3586
607
2008
2690
2490
3007
2768
23
2228
1058
3635
1377
2179
2520
2487
926
3758
1611
24
3811
2730
3786
1203
1467
1715
1591
3844
413
2152
2130
1671
3105
2996
218
3370
354
3106
3029
2658
1378
997
1924
1291
1982
550
3187
1789
503
3632
2870
1046
75
1210
1953
1833
1543
3504
2600
1044
2049
3258
1117
406
3771
1165
133
1997
1823
2386
880
1349
2707
641
3444
1711
92
1221
623
2209
3022
3253
2711
3450
1566
2120
3518
3892
2900
1333
3278
506
1565
1252
3871
3910
3111
3328
3593
347
1718
695
1731
1814
2012
1267
993
3452
3282
540
2248
1345
1411
1078
3030
125
629
2621
2178
1678
2089
3416
1905
2872
3754
11
323
3508
1283
1762
563
3735
1670
1309
2493
2437
2903
3781
2795
213
199
3316
2820
711
3834
2479
2079
494
1984
2797
679
2495
1438
2802
195
262
1773
3292
197
1051
2510
938
94
1441
722
583
855
3855
867
621
568
1313
1603
1955
3469
1700
3390
2525
3710
1432
570
2858
1277
1463
1301
1807
1033
3980
3907
457
3496
1579
3945
394
3227
3319
592
3247
3759
3763
1653
2218
3552
3248
247
6
2182
1726
2310
158
992
3568
1239
2221
2023
1303
3894
805
2088
930
2694
755
552
1060
2091
2602
520
2352
3407
2078
1466
460
2680
2474
1104
3394
330
473
1513
3702
2573
797
404
1151
2759
337
2566
3198
816
2960
883
1675
1184
1886
1407
430
3078
3695
3503
3820
296
3269
359
3334
301
943
1989
140
790
48
3304
3580
662
1757
652
3056
1589
464
2691
716
1787
1957
1491
1070
292
1728
192
1971
853
2829
3263
1930
3999
3843
1287
1648
2710
1029
3408
3436
2720
72
2616
3858
1107
3038
1246
2435
708
2201
1909
3311
176
3438
613
2322
2588
259
2950
3312
3837
2464
3596
3808
1450
2159
3000
3791
2869
1115
487
2893
2748
1026
889
1873
1945
701
2077
2180
1397
1608
76
3176
2497
3859
1042
1752
3716
2783
975
2
1238
3224
469
160
2732
2844
2299
691
1392
409
3080
3853
56
3603
1633
1138
793
3681
1418
137
3202
2646
1271
972
2696
519
3335
2007
3128
1691
3793
303
1912
2274
1939
3889
2761
1568
3026
2849
3165
1410
408
3230
3044
1091
3839
1521
1692
509
1972
2295
1217
1300
3039
1278
2865
3559
221
91
429
1935
2891
2417
2599
1269
776
1647
2764
250
1624
3340
1999
266
566
2127
2833
3729
1948
750
1183
3527
837
524
3582
1359
2784
1319
165
2838
2700
637
3114
1336
1486
2233
1307
1414
3512
525
2173
272
3495
1570
1815
3116
2980
2475
276
2099
1662
1545
1135
1169
3509
3242
1132
3018
3567
384
719
1557
1898
3898
646
3057
183
634
289
2515
820
935
2701
2824
2772
2367
53
3129
3578
3841
1031
2560
932
1412
1189
2349
810
1332
3555
3971
1447
2864
293
3486
1408
1279
823
3475
796
3551
309
569
649
2970
3205
3653
2327
1087
605
2856
795
587
1713
3314
1768
3994
2666
726
2534
3454
3409
1941
2609
663
3674
1339
751
3598
560
3704
105
2989
3184
3297
1066
1635
2238
1191
3437
574
1913
1000
1158
1542
2036
1544
1385
2675
822
1535
1580
2046
2606
2689
349
222
231
2360
1288
3610
3085
3774
702
49
3881
1263
1763
1501
3117
3252
489
1317
1765
2906
1776
3317
2610
3232
106
1226
343
3427
3131
3990
1965
1710
3535
3400
1717
3062
355
368
113
2998
2787
2459
3779
934
3156
1602
3208
1644
3649
2396
168
1202
1845
1292
1826
1767
1380
1669
1497
1727
1879
1985
3330
3561
159
2494
2329
2126
284
2799
435
375
3089
2868
3392
1308
3594
2792
424
356
2681
1929
3149
3379
2782
742
2932
2967
1819
3141
1453
3289
2962
3986
2779
57
1193
2220
2028
275
900
2453
1626
252
3637
1020
1422
155
1306
3721
1803
190
775
3964
2137
1259
497
235
2492
216
2302
977
2687
3854
2147
3612
2053
1961
1310
1294
1577
1395
1588
2026
3545
3936
968
1227
2192
2205
626
1204
2570
1745
1442
1054
2922
3095
2382
2025
241
598
1085
3747
3570
3200
2629
1498
3899
2926
3968
839
85
2830
392
2339
2128
2508
340
636
2565
420
3135
1314
380
928
3944
3896
3072
2698
3908
228
1780
3588
2169
3428
2048
2383
78
1629
3975
2803
2850
2279
1771
3647
1451
3271
792
1439
2986
2756
2832
2618
556
2775
3097
282
1645
2132
784
1892
2271
1829
2656
3819
2706
1229
1788
386
2284
3484
1812
2309
171
333
3017
1592
3832
2780
178
3686
3700
446
923
391
1086
1460
2191
1515
2266
32
2738
3584
2725
846
909
962
1153
2603
3823
3956
1973
3862
2791
1176
1038
2436
203
2145
2194
3911
1525
1522
1865
1440
2325
3212
2387
225
3983
3446
310
1862
2323
788
3801
3036
2149
242
3804
541
1106
3169
1382
2426
3623
1404
1688
117
3490
3778
3157
573
2164
1916
2108
3875
3533
1730
2598
2193
586
3203
3352
2749
1002
2620
1992
152
1665
1343
1597
3531
1531
3667
1053
3539
2569
2726
974
1254
3748
1289
166
990
2529
3863
963
518
1024
3308
3021
51
1268
1596
2677
3498
25
144
2424
2196
2815
1318
897
3847
1827
1817
3822
1567
712
670
2134
683
69
2372
162
2703
1831
1562
3302
3424
2979
1742
256
458
1990
172
2668
2818
927
645
950
3979
1582
3033
2223
2016
2471
2413
3143
364
1600
227
826
3652
2111
2971
3465
2985
1996
1859
1861
2154
2071
240
1063
1118
407
3615
3798
286
3620
83
411
3840
1951
3711
1739
682
3762
3360
1129
2037
877
3507
1805
208
1200
1419
3293
2785
3965
3928
3926
941
3103
3267
1257
2358
3043
490
3093
1478
3179
2938
771
2406
3776
1399
3040
2407
1820
717
393
534
1636
1328
512
3256
531
1702
1192
3346
737
863
2667
3216
653
3376
55
2449
1619
1585
2055
3315
648
1659
2825
3657
3812
875
3432
2553
960
3995
1870
1676
1508
1871
2340
2648
3955
1228
1444
3981
1208
3162
3916
1613
958
929
1400
1518
1667
1297
1894
126
976
2649
3712
1609
899
1127
3460
3755
1637
3354
3614
3420
1920
2594
1175
1357
2956
1015
2029
799
3220
1164
2213
3668
1841
2042
475
1510
2289
2379
2607
2296
1394
1944
572
1145
1583
2390
188
3426
2942
3430
2336
674
2006
513
3204
2246
1348
70
3581
1209
878
3566
278
3641
437
3265
2477
2109
313
3532
956
3913
2298
95
103
123
274
3353
704
2712
1720
624
2004
3261
3998
1578
840
1694
3943
2669
1381
2811
850
2999
827
1475
1558
1446
3918
633
2647
3032
2575
3237
3830
2674
3590
277
539
3270
3195
1709
1947
2977
2384
2908
315
1013
3663
2798
3285
2929
3073
2921
1528
1142
906
3707
2831
724
448
1908
3718
501
1610
1334
1469
3701
617
2282
253
678
818
2385
1541
2072
1335
1077
1274
656
585
16
1686
2326
2654
1906
2294
2317
459
3401
230
237
1649
299
2841
3058
2709
38
3900
2263
2093
478
3042
1707
2047
2408
3209
2539
3912
1907
3703
3788
700
3257
1652
628
3824
565
3138
3744
1863
3402
1569
2884
3185
1810
781
455
3883
2724
3170
3821
2652
584
1160
295
234
2771
3946
28
1796
2034
179
600
2041
3849
3670
1606
948
3472
3777
1007
2235
2943
3283
451
2713
3087
3730
2119
2032
2000
2402
1340
1627
3466
44
1012
26
548
2541
2584
1331
2257
3023
3404
2388
2380
1081
3014
1064
2172
642
1811
1975
608
2650
107
2507
901
396
145
952
2001
919
54
2253
2045
937
2069
3599
3130
995
3318
2934
3489
271
1779
2744
2086
2892
317
764
1258
3961
2251
994
1696
2509
3720
1785
3061
3412
3145
3689
1809
2502
1069
730
402
3924
2183
1617
635
2794
182
2452
2491
2527
1260
1363
3264
1884
989
2834
2816
2581
2236
1134
3377
3553
3519
745
743
1962
2442
546
1373
2615
3422
3827
2303
3780
601
344
3976
3732
2500
3646
3541
1614
604
3574
801
3902
279
146
2955
334
1109
1347
1656
115
2035
2937
970
217
3743
2499
1705
14
3997
3666
45
910
426
3833
2264
1459
1922
2866
915
2679
3836
35
1071
2185
3154
1230
2563
2836
1875
3873
2627
2350
1170
3494
479
657
2204
350
3752
1506
2469
2440
1822
1643
1680
3895
1223
2106
1706
3222
2324
2425
517
1740
3467
1386
3706
2275
3579
3358
3954
1476
3025
1777
3736
1178
2995
502
498
1791
2923
2214
3904
1270
1576
1646
453
1083
263
3814
2662
1141
3521
226
936
1703
3112
886
491
1743
3982
1554
3576
2774
1683
2454
3650
3882
210
1190
694
3935
2291
3967
3636
1016
2188
2540
1275
2568
2940
329
3698
77
481
884
3298
2410
3251
341
1793
821
3957
2376
2300
2781
379
3070
3756
3613
2548
1505
3148
1039
264
888
3865
387
3189
2630
1457
1420
2659
3630
725
2516
1059
3742
1402
34
2252
3523
3792
3206
2460
1195
2256
2428
903
2840
3760
3342
3564
1889
1465
2187
79
3109
1834
2612
3041
3542
2462
2514
1293
2306
2445
1704
2883
3770
2688
2227
258
2365
3077
291
1235
46
978
2887
3388
82
1946
207
2443
193
3321
2880
1556
3691
760
594
181
3325
3075
3348
982
1666
957
248
1960
3932
2959
3909
1888
707
410
385
2062
1872
3160
3419
104
1370
2596
2729
2555
3356
3329
1108
1804
2632
1137
1524
2354
2103
1784
15
1517
2290
128
204
894
2683
2952
367
1241
209
898
1523
3034
1360
442
3134
1298
3313
3974
1316
1919
2595
3435
727
673
3229
414
1240
908
1625
232
472
1553
3676
3194
389
3654
3361
39
1295
1598
3168
675
1473
949
1808
1760
1979
2051
131
2625
151
422
3673
2835
3241
2519
769
3287
838
1212
794
3611
2828
1563
951
1849
753
2293
2954
2461
3276
1959
833
1860
1025
3996
3051
1194
3699
715
3696
164
327
2578
185
2488
2255
2556
1425
236
3728
5
3398
3520
1844
1351
1172
688
3048
3215
3708
30
612
3597
2267
3602
3772
2288
1372
3088
3406
2805
3255
1006
360
425
2982
1296
2528
841
1482
423
786
3122
1932
996
388
3110
3543
627
1214
474
2321
1409
1896
2057
321
1534
2551
1936
186
2997
3934
861
1978
3225
1519
1690
1628
3933
1010
3214
1136
871
3605
2664
139
1538
2195
1856
2692
2984
891
2671
2976
1426
1443
1216
603
2886
3600
308
1910
2409
3757
1915
2861
3226
465
161
2582
3796
3685
2096
3546
2770
1750
3133
3828
1514
239
2283
1794
2717
3266
2897
2521
1496
100
3414
2526
2060
3878
824
814
3231
2888
1036
696
2994
2067
3684
3456
2847
3397
782
3245
2158
189
3927
3906
2260
2199
265
2786
2114
2718
964
184
1181
381
1428
3966
650
1778
1532
3970
2331
3795
3629
405
1536
2767
522
1925
2946
981
1575
1490
2468
2343
3299
3746
3573
1931
2018
759
3268
1155
205
3874
924
2363
2237
2978
2038
2633
3108
817
2174
1188
2611
2080
3099
434
804
1927
1902
3941
2536
2087
2133
1695
1061
2423
2925
1166
1981
2523
2033
1156
2571
3399
2719
2268
2562
3717
485
1526
1329
1337
2739
1605
2232
2859
1994
2619
2118
3059
3140
312
3474
3411
622
3719
693
2623
124
2003
2478
1126
1187
2944
3218
10
2773
3236
42
3939
2617
120
729
3333
1120
418
2181
3800
370
1782
1533
2177
3084
3952
2481
412
874
3461
589
3389
984
1079
1858
1751
251
2129
2240
575
1371
3683
998
488
2685
3094
3125
1073
1338
382
789
2076
2769
3439
3441
3725
2622
1290
3124
3395
1092
2557
1219
1325
2969
1231
219
1483
3336
2860
939
3585
2002
2550
2186
2222
2441
835
1196
647
595
773
318
2190
2753
3536
3098
3606
269
3809
447
398
3547
