7350
6420
5762
4121
9043
6822
9800
5007
5873
4751
5608
1827
1470
9391
9861
2440
5041
6378
1507
6622
9281
5068
715
9056
2904
2513
2068
8837
7668
2906
6859
4334
6083
2204
2399
1884
8442
8916
7361
7915
6209
310
1567
2828
3937
1955
4270
4215
3853
1159
1412
3852
5548
2124
3356
5842
3848
8697
5143
8137
3417
3964
9199
9177
7494
6672
5231
395
5729
8333
7448
5471
9066
1958
3843
3242
3041
7569
4329
4779
1451
6713
1926
3416
1025
2417
2949
7801
6881
8958
3770
1646
1173
8365
8996
1543
7649
456
4814
954
1828
1910
6492
3399
6296
40
7943
4857
8569
121
4537
9112
3818
745
1049
390
2152
375
8296
7670
2803
1525
7153
3763
2745
7423
668
4720
7761
1624
3988
6166
2634
2988
9625
8229
7610
6519
2665
6306
3042
9435
3159
1675
8487
2466
7548
6161
5164
9681
3813
8520
583
120
5578
6090
8424
9443
3559
6841
6688
8459
578
5438
5129
115
8189
7851
8732
4167
3699
2883
6750
192
5897
231
8361
765
3138
8739
9353
8460
9995
6021
9274
6070
9383
1830
65
4340
2712
2933
116
5166
8565
4491
5765
5328
2733
4025
4578
2470
3383
4281
7458
1364
1219
4161
684
8393
8439
3504
501
743
7697
5808
5399
7376
2830
507
9076
941
8753
4402
7005
8092
5136
6044
8120
9885
1075
5759
6086
9102
4741
2792
6496
675
7936
3254
8791
3866
7362
6984
5821
6720
6412
1221
6731
6858
2826
6922
2432
3948
8701
740
3181
9448
2144
2371
6941
1304
3061
6315
1446
2215
3123
5905
3985
4831
1045
6566
6291
4509
176
3661
6663
8453
4878
7449
7556
4787
143
2548
4777
23
8775
9547
5027
8252
5939
7700
8634
1904
4195
2103
7057
1717
5713
5308
7735
6029
695
760
4178
4663
6555
2435
908
3236
8658
3540
7682
8711
9990
2139
3626
7834
3675
8906
452
2595
6458
5978
6558
4854
9348
217
3917
9310
3755
4176
5207
3824
2688
1196
4722
5772
2270
3698
1087
4591
2620
8641
4390
6493
868
1004
9822
1245
1939
6802
2923
6322
7003
9708
4659
3620
2404
591
6202
7855
3000
336
5679
7008
3176
3331
8116
4815
6590
6797
7723
3639
407
2528
7222
1194
4335
3258
1206
5839
1637
5365
6340
9571
8822
9409
420
4989
2413
2629
3651
9941
1631
4421
8185
514
8188
9852
8941
3470
1554
4682
2045
6587
5680
6793
8724
2080
9165
2056
4612
3251
9493
7199
3037
4387
9342
6303
277
5405
2065
4264
3962
3754
8928
1183
3439
2412
5404
3043
3706
793
5706
4088
7333
696
1964
5466
6615
3197
4493
1104
7883
5862
7116
6195
2311
9191
3499
5278
9032
951
4886
2012
1555
3348
7971
7134
972
6300
9884
9942
3425
1281
4978
2123
6717
1008
632
1359
1561
6712
1467
980
5721
1741
2514
688
4975
6411
1917
551
5016
8831
1882
864
2292
6009
9230
4001
4607
4380
9748
7020
9115
4430
8806
1509
6268
2189
401
5125
7892
3589
1722
5966
5192
9628
5661
7751
785
5357
4729
1518
6218
2167
9505
8860
4454
9599
2714
8026
3832
7334
7354
3635
2125
4695
4678
3263
1591
5815
5002
8234
8828
8451
9856
381
3132
752
8693
299
9707
9356
3324
9018
9149
1682
6320
9258
5864
4275
1224
2937
1388
2559
4817
4159
3455
8457
4642
7707
252
6386
2956
4617
6705
6842
2141
6053
1998
2240
9264
5998
517
1805
837
6435
9542
1444
589
4567
5566
9953
7785
9761
100
7108
4836
9100
3588
8217
7346
5273
6031
9530
9173
6994
7373
9167
7732
99
145
9221
7737
6487
6652
6397
2327
1594
74
9385
9863
6391
291
5742
4555
6860
813
5822
5790
385
2870
3597
35
6490
6683
6331
6730
655
5631
148
1546
4003
6872
9721
4668
6123
9751
7358
1636
2722
4339
4356
1296
3013
6294
1318
8821
7118
2633
1840
6511
5212
9447
5909
5521
1457
5849
1674
321
2953
3188
1479
5110
2892
5860
4543
7821
2907
9640
8322
188
6007
9529
1558
4479
7759
6389
9082
731
3422
8480
9756
7794
7477
2508
4516
5046
5574
942
1565
1246
8861
1562
3334
8037
8176
7093
7119
465
5358
4150
9613
4038
4286
9487
1902
5928
9894
3097
8661
1719
6906
9855
1383
256
1115
5408
2509
9573
504
8926
8436
8256
957
2618
983
3929
8631
7220
8175
3169
9955
5846
8518
5520
6744
5421
2193
30
2759
3647
7283
594
13
3440
4526
8079
1781
3747
6846
1645
3657
3235
9418
240
689
2333
8341
5172
7918
9944
5317
6644
3090
5730
6088
5636
158
6239
2424
4300
7538
3644
6673
8097
9053
6419
9711
4021
3010
9507
3888
586
3174
9075
3466
3165
5301
235
8071
9991
1632
7499
5222
5397
1197
7782
5402
5113
1694
8440
5505
4949
2498
8458
9157
4868
4428
7562
8253
1531
9288
7197
1436
8330
7884
8473
718
1650
464
5296
6208
9219
9538
4999
6026
9793
2067
8035
7706
3967
3083
8699
6321
436
86
2878
1334
6937
2737
27
9657
7764
2891
6127
484
2963
1156
8930
2026
1742
4067
8879
891
4138
1978
9966
885
3518
4375
1886
719
2899
5186
7467
1619
2740
9646
9363
1833
2025
1398
7582
7929
8905
6667
510
9287
892
7839
3372
2580
6904
63
7191
3807
7974
7456
3118
8376
9477
611
3345
6741
3151
3981
1849
8050
7238
9527
3040
6
4391
3590
3146
6459
8929
405
8579
8202
8246
8640
788
97
6766
7904
3968
4276
84
747
5051
5005
8808
9343
9371
211
5710
8199
6229
8250
6868
3895
1335
2652
4551
4721
5276
3053
3731
7605
6913
9596
1324
154
1796
9059
5698
7937
3555
4772
5663
3116
540
7523
7806
1991
258
7941
6569
1596
3870
5175
1846
2126
5015
9954
1859
4294
5691
3095
9122
8995
7693
8956
3354
6132
6653
7091
8558
5980
7681
5031
9720
3024
4106
7475
5992
8497
88
7293
6869
4968
7658
6975
6149
4205
6339
8136
9747
1316
4398
3190
9827
5343
3638
8070
1308
9569
1258
2367
1190
5797
8918
8677
531
5151
4047
7453
3065
3482
8449
2706
3279
1418
779
1108
5442
4199
4574
6671
1291
7945
4535
3834
9111
6387
1331
6284
7949
3627
1056
7657
7043
6551
2777
3943
8117
3991
4542
5446
6971
2078
7919
3622
8756
2288
3454
9652
1373
8353
8706
6326
7694
5723
6682
4182
771
1878
5255
5320
2639
5423
1062
7646
180
3378
7992
7428
9658
394
3790
8394
2585
961
8888
6178
4970
9909
9694
8111
1488
7557
2993
5473
5659
3944
9551
5954
8782
9819
330
6803
102
6347
4941
2631
7206
7064
7399
2217
1486
5493
5499
7415
2997
7398
2908
9337
5295
7635
3855
11
7351
5924
1402
3541
5083
3700
216
1395
3643
8913
7331
3217
856
7067
2408
8737
7691
9932
8890
7745
3760
1293
3252
5632
1810
3015
1058
5825
3922
3841
2857
1242
89
8101
9010
2554
3430
7724
2279
5211
5124
1789
6385
7728
8339
1995
8876
4677
7000
857
2172
4689
920
1583
8172
6845
2511
8786
9737
4997
7542
5995
2206
6598
7500
250
4586
2029
2929
8684
8218
3105
3696
3914
5833
6606
4183
4527
7495
710
7094
7933
8321
818
8351
5091
8649
9212
2850
2930
3056
1708
7880
5029
4469
6556
3520
6183
8089
7357
8038
5184
1992
1064
1723
4146
6054
5714
4672
9143
8297
8357
1574
18
9899
1658
1333
6071
9480
9636
4316
9275
8419
9439
8140
7316
7492
7747
4080
3501
1713
4606
4471
3879
5356
7335
5686
2376
4670
2112
276
7323
9108
1303
6361
8350
4357
4004
4130
9196
7434
1135
4284
4879
637
834
266
2531
8289
7156
4097
6926
1240
9961
1003
6925
948
1447
6472
314
2964
7089
7613
9537
3738
220
1050
4007
9702
8144
461
2538
7194
2760
3064
2578
2762
4799
8477
6446
8445
1266
667
2664
9519
2373
7656
6041
9203
6072
2888
8392
758
9125
174
3448
2723
8010
5064
9589
6821
5660
6362
458
2999
3212
7623
774
5529
2656
8896
7872
1396
1309
5803
6364
6188
3375
3239
6220
9939
4820
2118
6823
9277
9879
4638
202
2882
759
3367
7788
3104
7544
7250
725
4198
1527
7288
2864
9753
4081
4401
5239
2572
9792
1445
1707
4092
6216
7527
3862
5194
8471
8818
8736
1476
2181
2766
5577
8372
9084
967
2858
7787
2046
7050
1867
520
5915
5318
5593
4609
8945
2560
8585
803
8749
6401
5200
6013
8557
8943
6931
9466
3386
4613
8358
9317
4117
5921
847
6884
5960
7181
815
1584
2363
9506
2197
5881
4679
2951
7537
9775
4803
7286
6833
6920
7071
899
8113
2685
7535
6832
2763
5688
4370
103
3732
1760
1850
4223
9977
6746
1272
7914
4366
5922
7583
1919
9501
167
7824
6791
5331
9757
7625
2120
1725
8691
9716
1997
8344
1706
363
4253
9417
4224
9017
7867
2734
6282
7783
1530
8663
9576
6560
6813
3552
3594
3163
4585
4920
7826
4832
9442
5678
1881
9648
1347
4587
9896
6576
9900
9174
6180
374
1905
7462
9878
3001
9760
4245
6753
1834
3978
6710
9540
797
2369
2785
2127
369
1984
9030
3636
2713
2403
6779
4069
6325
322
7276
2134
3640
7353
2558
4189
9634
4160
3250
1763
999
1571
7861
1214
1768
5367
2545
8362
7963
6614
8731
1060
9049
2783
9426
6236
5250
3286
2014
3861
7590
4445
1456
3384
7947
2038
177
7145
4800
8248
5391
1663
4251
9902
4257
1329
1084
150
1759
3020
4863
2952
2657
1300
9144
786
4108
3649
7677
1783
8478
2635
1934
4147
4490
8340
1085
9597
1287
7315
8655
1298
5701
6298
7302
5243
5517
53
325
6085
927
2093
7487
6130
6918
575
4164
1226
4373
1400
8475
2490
1202
7718
4011
1622
8468
6287
7908
4942
9318
3066
4501
1721
6603
8844
7731
5983
6346
313
9951
2567
5209
5763
9925
4497
3567
8650
2303
9210
821
658
9366
8853
546
1460
729
8908
6972
8802
5786
7715
4416
9141
7443
2869
1967
4938
6371
7689
986
1449
2427
4290
2226
2110
1784
4073
1860
2596
5424
7660
728
2690
6732
9386
244
5480
805
9611
9695
642
5346
2437
2720
1856
7032
3359
6650
5303
9769
5077
8882
3228
3
7140
7310
4727
7433
4222
1397
9979
5300
162
9009
9394
7792
2336
8839
1342
2598
2642
8309
7517
6278
6765
3435
4986
265
7525
5428
2789
6368
5321
204
9114
3101
3099
9943
8348
3578
6237
5853
8186
9129
9703
7630
7512
6711
1599
3751
61
3268
438
8960
9453
8237
4752
1899
9164
3616
9742
4244
640
5859
5519
5302
2751
5214
5845
6462
2177
6783
6155
2534
5374
3868
5891
8378
9140
3021
3333
8470
3113
7257
9490
2778
4930
887
7712
1350
5985
8013
3711
4174
5249
2392
6468
5168
1956
8998
5746
1817
9208
3038
4928
5323
4656
3301
3685
3780
7282
5234
9179
5624
3986
4805
3237
8492
9354
1918
9232
4171
3019
2089
6124
1550
5568
2211
1454
4694
3893
1829
14
2347
6866
4137
6034
1458
664
5245
896
3497
2050
701
7680
9686
6469
2297
513
7897
4929
2047
8053
8156
5844
5253
3668
2628
1520
2356
8840
6240
5152
6036
2862
7490
4597
3729
7529
9419
7172
8562
4477
5682
7007
2438
2479
3060
7638
4994
5400
470
3147
4259
6457
7231
5692
2517
8208
6424
9621
6402
1916
1774
4565
6489
6336
2064
5176
7341
2802
9808
4346
2593
6262
9857
8266
5011
2961
1923
830
305
1442
2372
6949
1587
3963
5590
7381
9676
528
7436
6109
6586
1651
9211
3949
2854
7329
4813
4736
3437
7772
4851
1415
921
9382
5646
9121
8226
9336
1639
8643
8608
6033
7096
6301
257
9058
5058
4022
2248
1255
5829
1268
6193
1284
6888
6740
3091
7609
2780
9840
2954
3665
8489
8575
8763
2797
1797
9710
7981
5111
1705
6659
2457
370
7107
8855
8438
5976
9584
6572
2489
6210
3209
3249
2495
4036
8619
2247
4064
6573
6568
2682
2027
1801
4728
8049
7022
6777
3890
4634
4385
1463
379
6784
8423
4460
4432
6643
3730
1638
794
7461
8406
9671
1863
9489
3987
3900
5664
8932
7308
9457
635
8983
4711
429
2562
3871
5826
5298
3076
5883
52
2101
7048
8948
8600
3407
6891
5689
9862
2390
8336
3997
2326
3164
5351
128
2926
7471
3606
8507
243
8962
746
2472
7626
5518
6769
505
5507
6654
9677
713
4993
4374
497
2812
2846
3278
8129
4843
9117
6102
7281
2968
7508
9660
1358
4788
6578
7006
7450
3924
9650
5989
1979
2166
9026
4369
4411
9675
3458
9948
3510
2145
6144
8190
9374
5894
2694
5716
6820
8060
2335
5204
7703
6140
829
3633
1949
269
7757
781
2813
533
9231
4486
6718
4710
2378
9494
1038
9897
5694
2512
8201
7549
5009
9412
69
3642
466
1502
9184
1704
7088
8388
7676
6217
4998
8150
5932
1913
2746
8179
4026
4888
4489
5257
2845
3827
6819
7002
568
5285
9773
3326
5959
2994
4030
3931
5431
81
5021
5311
290
1073
6958
4093
7215
4293
3773
3550
5181
4528
3189
2557
733
5132
7726
5286
6874
8496
287
9908
5396
5203
7948
5087
3082
8380
3074
8857
9960
5139
1256
3600
9750
5330
5754
3436
2895
626
1737
6046
3014
1746
2096
1973
7519
3290
4797
5226
2905
2296
4376
9500
4231
5315
6398
9267
1031
319
499
3851
6219
6191
8893
5329
6852
492
3238
5733
763
8488
2564
5890
8103
3475
1204
2915
724
95
2710
5591
9362
4258
7799
8143
8796
5792
482
663
8747
8712
509
7738
8159
7349
1738
2036
3618
3670
685
2061
2381
3125
7183
631
6400
5445
4967
4352
9410
6179
9234
5555
6203
8972
6213
1264
7585
4116
7876
4946
6629
4730
958
7414
304
7092
1526
5918
6283
4904
6478
1133
2122
8741
3267
8173
1728
1441
7546
9224
6018
9503
2133
8149
9989
7998
6185
1855
9729
7967
5946
4532
8368
2982
7460
6181
3574
808
722
5189
8726
2013
6030
7066
7604
3467
7653
4627
2726
572
9858
3925
8667
3320
404
5364
7241
3802
5971
7029
4099
4530
2447
3153
9931
5073
453
1465
9531
7255
3283
3926
8955
7622
1601
8762
1007
6764
3764
5459
9396
463
4419
8583
6270
3566
6103
8772
7292
4629
2861
9965
3906
2312
9739
5871
3557
331
4685
8414
6693
7577
8402
9411
6225
72
6849
2246
3719
2542
2955
4700
8957
2689
245
3453
5641
9774
3438
2727
2643
2900
8484
3025
9696
3029
6394
9738
5081
1349
3689
6767
9027
2274
354
9416
4897
9647
1927
6518
7641
1976
9330
4086
3462
3607
7750
1869
7514
6134
4664
2928
9278
8939
3208
8429
3162
4446
5779
4487
8787
4911
8959
4687
4122
8889
3849
7214
3814
8803
7221
7705
9379
3207
2998
8373
560
2605
1795
3525
6775
3260
7170
51
6010
4771
3363
3916
1928
614
2974
7163
1586
1603
6734
2914
4512
8044
621
2625
7
7869
6897
981
7752
8792
7259
648
3898
7900
6962
7481
8692
6224
4514
1052
1302
7912
7959
1030
4861
7725
2716
1606
993
3322
2344
9828
5460
8177
4041
8771
9722
7522
9512
6706
3695
8160
7205
5611
1499
4577
6152
3264
8374
2183
4548
8633
9201
2814
5994
2798
1661
9226
9913
9481
5673
5127
9006
7284
1620
5780
2658
6773
7780
3953
2353
9483
9557
9225
7024
7237
7771
4361
9580
3669
2816
911
4649
8522
6159
3374
9699
3130
8332
1803
9522
561
7098
112
4633
2315
4082
9891
6154
473
4531
6583
4053
6552
3928
6543
2856
9566
17
7185
4298
3257
9683
7157
5179
3539
2831
1345
9980
166
3035
1086
3489
7271
271
6182
3710
3110
4538
2007
4071
9240
3307
9130
6701
9759
9981
3210
201
6910
3837
2550
1861
4272
8337
4388
6825
424
7865
3994
1341
650
4697
5112
1966
4266
9378
1059
5649
8755
7035
8483
1452
8012
5567
6281
2544
1629
1343
5987
8924
7567
6055
676
9938
6061
1785
4127
3193
4855
3825
7925
1580
2306
2692
3355
425
721
2617
1986
7025
9118
1987
1150
8807
1885
9369
6163
5943
1848
131
6804
7410
3593
6133
3631
9035
5622
5658
8000
4042
7901
1139
687
9927
683
6265
8295
5491
9300
2379
8435
8504
4212
3180
113
6290
3339
8029
8191
8551
1419
5495
5264
4698
8493
3897
5324
8574
9311
451
6901
7640
3215
1720
9807
5370
7701
7661
8498
5580
5213
5674
4917
6996
1983
3137
4850
1921
1766
9431
4579
384
2817
8469
7418
2091
1142
4645
9044
9832
4185
6623
7722
8923
5768
5559
4726
4754
4932
4753
2040
537
2887
6627
4785
7154
4475
9903
6637
4309
7601
4046
8278
8778
1692
78
2591
7595
8512
2208
4320
1696
2668
66
4203
7533
2488
2365
9803
7014
5560
9245
659
411
9070
1879
4623
7979
2098
4990
6799
8830
853
1180
1034
704
1710
3641
9340
7534
3214
4875
1100
355
172
5220
8075
9182
7698
5741
2341
5693
4111
6795
4384
5108
1490
9602
9946
4784
9428
5322
3048
315
2015
4895
8391
9095
303
8215
1355
2238
6588
7459
9556
5481
4023
7268
2771
6668
3952
7444
4207
8425
8709
8813
7589
5532
1015
3565
646
6988
7401
9641
2295
4511
9209
812
9303
3093
9685
8647
1386
2518
1377
923
1288
7380
5277
138
9367
6708
2791
4304
4061
8530
3528
3450
5903
4124
3150
3646
4342
3735
8367
3996
320
9865
3546
1751
7079
9065
6993
6003
825
1959
1009
773
7161
5728
4945
9559
3414
2847
5037
4947
8789
734
2693
7263
5684
9528
8552
6436
5201
3777
2729
9163
3609
9667
5035
5914
4592
1294
6065
5107
8508
7578
3819
7147
2819
1478
8977
4152
5819
5387
9106
548
4381
2207
756
2259
7564
5432
8536
2808
8122
3877
486
7405
9871
1569
2114
1575
284
3075
3830
4692
3457
1118
7394
6579
3008
8533
8584
511
8847
4757
37
844
5476
6288
9254
1541
8719
6589
5261
254
2349
9520
2681
9328
2232
7644
2361
6831
416
2586
2205
569
549
6165
4338
5369
3688
6626
8426
8867
2925
3206
7964
2611
5784
4414
2940
4012
4905
6476
7768
6035
5920
5182
5228
8774
873
542
5510
3899
7013
9147
4098
2389
3044
3009
7455
77
4403
6608
9014
9107
3733
2242
7627
5363
5235
2493
9616
1433
7719
750
8708
9812
3007
4737
623
3856
8019
8128
6084
1697
5135
3388
9092
5496
4533
1337
8687
3907
8901
75
7816
4139
8325
9080
5696
7617
2037
1429
6467
6521
3815
4773
7744
495
3585
6422
4816
8589
9809
1908
5309
222
3427
3558
1667
5001
3496
9627
7899
3485
1427
570
9153
9146
3934
4237
3563
9403
2017
4084
2939
195
5942
6275
7848
2018
6507
1893
8638
6664
7895
5210
8222
9436
5708
2131
8247
7946
7997
2487
4980
9000
2859
2776
5962
2764
8892
203
8670
1775
5848
8550
7285
8401
7037
3421
2409
1146
7531
2492
644
5549
4063
8338
971
4287
261
6017
1826
5769
4546
1145
2866
7061
5472
4238
6355
871
1267
5612
5687
4791
4089
1993
8284
4640
3707
5814
3158
6197
881
7755
5095
4123
6169
7076
7144
3951
4058
6335
1000
6620
3704
9135
4498
2043
8734
1403
4240
8742
4866
1218
2575
223
8976
2708
3058
4449
9898
7662
8885
5880
3329
6488
1428
8141
8764
6536
5269
6454
64
6190
5751
7272
6363
5159
1236
6613
6563
2186
7190
3599
8416
6066
7155
5683
4225
736
7137
391
1807
347
9907
6514
8244
6232
9916
6810
9693
4458
7171
1440
1393
8768
6273
2971
8409
7441
530
3431
2070
8275
9220
2973
2987
4988
8746
6442
105
7421
9664
4520
5740
661
6890
8717
1082
7245
4735
2705
8067
863
4308
5479
359
6243
6261
2234
2709
8131
1950
7674
8100
4957
4219
3544
4502
4074
9509
9844
3445
1128
3621
918
7148
2805
8124
5457
2772
4200
3392
566
4630
2055
134
8183
7678
3016
4463
8411
2754
1149
8690
433
3999
1600
3172
4631
6396
1952
9397
654
2235
4326
2516
1689
8984
6899
1915
3903
587
5133
5737
4732
9849
173
8750
8744
5895
9314
1892
296
744
5450
5810
2649
4426
106
3227
7262
9534
1317
9806
2374
5106
6976
6670
4180
8587
6933
7400
4193
4455
526
8842
6292
8499
1589
2698
2920
3587
9152
2411
349
4709
6715
4220
8292
4228
344
3894
6272
741
9715
4412
2820
3650
3152
7269
6403
6092
4226
2100
9011
8249
2718
4140
8270
2348
4118
1379
1092
3096
6981
7953
2398
9103
8209
1772
4683
1896
9452
5378
7819
9372
1260
9406
3406
8880
512
7343
9659
7875
1269
976
3247
5054
7586
3990
9811
38
3536
5084
5541
6814
151
2451
7419
469
8617
6025
2294
8073
5581
4505
7621
5587
8917
8022
5718
5690
5626
8597
2958
3681
3889
5131
8900
5832
2396
1155
3139
7683
2072
5173
9629
1090
3723
4141
2039
230
7763
6501
4018
7868
5099
4024
8810
3177
3705
8171
6171
827
1595
1944
4590
3241
7973
4865
3222
5953
3269
2475
5227
3328
5638
3799
22
9029
1295
6101
2612
2286
7928
2280
2569
2173
9334
377
1390
126
585
7280
9796
5187
8824
4059
9455
6016
1376
3353
5307
5630
1385
6228
1315
6160
8947
5650
5964
6248
2894
624
4000
4090
4448
3800
2707
5700
2454
3234
3553
9471
2990
1120
7103
9541
9705
5537
8009
6646
1832
2663
5017
8591
5904
5756
4676
4423
9355
4766
556
5069
4213
6915
67
3595
9123
8509
5809
4793
2979
2006
3750
1292
8316
1854
3666
9421
912
430
3782
909
1666
8993
213
571
2285
1311
7960
2821
2430
2807
371
4115
8318
3088
1111
439
550
3703
1876
2182
9126
3796
7980
5478
8674
5241
6826
4513
6221
7488
1215
9228
4810
7384
893
8899
5796
6038
3617
7457
4100
25
1491
7027
557
3261
5070
9183
5130
2267
406
5993
1048
5876
653
3869
7248
2728
6617
2094
6329
4521
1977
2731
467
2364
4315
1618
9312
2323
3022
7893
9187
6332
9116
6577
7746
9119
5443
1909
4154
6245
8537
6739
178
3896
9763
4466
7965
249
1472
7624
4707
6047
9273
7081
8011
4731
8979
5449
2266
3002
3845
1654
3920
6729
8986
7412
2463
2199
884
1764
9242
6504
9433
2638
7083
2539
9525
8904
2607
8465
383
8312
4745
4371
9639
5801
3476
6651
1744
508
9690
9145
4644
7955
1732
326
7978
9476
8570
2650
29
9603
3596
146
9446
1727
9577
3971
4821
977
8420
7795
1529
3727
7651
7372
8224
5931
4396
9543
2614
8025
7920
2019
3885
117
4948
3124
4065
6824
2377
4547
5274
9700
3046
2584
94
2184
6143
928
3291
822
4221
9574
8347
4704
2153
5676
444
9235
8646
854
1747
3314
9623
6655
5585
7593
6020
751
1247
9387
292
3537
2654
9914
938
5906
1124
3821
6960
3564
6410
184
9734
1929
6828
5216
618
3863
1540
5798
6206
5418
2308
7251
3745
8241
2676
2239
4747
7951
7985
1564
9181
4995
7150
7112
3178
4807
5282
7468
6128
9038
8184
7518
9617
5540
870
1617
8800
1055
1735
7167
5878
9935
3682
4299
3739
8680
767
7047
9789
7184
6330
5287
1818
380
1965
784
2171
9825
3857
9817
9460
4367
329
780
9950
7841
2368
5500
6289
2942
6058
1560
6867
6892
7306
1201
9906
3874
7802
9704
6954
9285
1368
7264
5514
4364
8125
454
4192
316
6649
1213
3266
7704
4249
2875
4733
3108
4450
8994
5882
848
7435
4083
9329
479
5872
5869
4452
1174
6666
5672
449
7232
3067
4971
8531
2486
2228
8220
87
4447
7289
1495
2009
4437
4982
7786
3230
8257
3078
2084
2976
1739
1857
7566
2981
6173
6451
802
6745
5546
1192
1102
1370
478
1847
4049
5785
4331
4960
5677
8068
6430
878
1435
6079
2704
1126
2085
2164
2824
3447
5805
9666
5289
2909
1497
2747
5799
804
8651
6787
3478
2099
7407
2429
4324
3982
9468
7776
1144
1369
5045
3653
9016
3808
9873
1590
2345
2391
7614
6407
7469
8869
6816
6498
7319
2113
2546
1179
9495
7202
723
6554
1862
6117
5268
3860
3318
690
1353
3321
4906
415
2121
5101
6139
8911
7575
8714
2565
3748
2717
1338
2317
8265
7921
298
643
7543
902
3762
3272
552
978
7402
32
7688
7988
6429
5933
9826
3873
8735
4043
474
6610
6432
8773
4910
4972
8051
361
5055
8138
7033
3840
4983
6928
5304
7969
3980
1424
4368
5023
567
8812
7100
3624
8065
7663
5461
1914
2277
6067
7164
225
4254
2551
8320
8165
828
9079
5244
5963
2851
210
9568
8559
8415
1171
4143
2588
7675
1
7493
4358
8975
6776
835
8389
3300
3904
4647
5573
7815
5770
6636
2054
8850
7470
7647
8758
8108
6358
8897
9039
1871
7344
5167
2624
9923
8383
636
9142
2871
3736
2410
5292
3526
2527
4125
5233
6087
5006
6542
6500
1655
7961
4708
3199
9168
7180
9193
2935
7812
8827
2902
1116
9532
4809
2686
8057
3121
7068
9045
590
3432
8859
3396
4255
6838
8686
3776
9598
8669
8694
6249
5076
9492
4839
7160
8027
4094
2610
4242
6311
2500
9083
7669
3604
8212
4818
7052
2331
9186
4330
9335
6081
9360
9207
8152
5828
8355
353
2269
7275
4005
233
1907
7804
886
7246
301
9976
4657
4894
9283
1866
1013
4267
9633
8675
1074
214
8561
3679
3127
5787
3304
2855
6138
5645
5900
8223
5086
2615
2725
1563
4829
1229
9047
3766
7889
8481
2944
7378
1677
2521
1328
3185
6343
5606
7541
7189
5558
4841
7713
2672
5380
3923
2350
6691
1673
3400
1537
4987
7128
1140
8870
529
5044
9823
9583
4091
9158
7345
376
5775
5383
9459
364
3531
1880
1925
104
8283
3201
9612
15
5429
6417
6141
3102
6939
7019
3337
5122
2793
2273
5353
5004
7169
9491
8700
7932
2519
7324
8080
4377
7287
947
9301
8328
3579
6269
2910
7699
7015
8577
4217
6042
9679
431
8015
9842
7464
1279
5410
3289
2069
792
8576
9867
5929
4952
2258
1290
8642
883
4418
9204
5190
7859
1430
2829
8907
4051
790
6116
2589
5413
9997
7528
5475
2087
6271
2299
3092
5455
6351
7101
9444
3791
5662
5128
9415
9689
7355
7030
5256
3691
4830
6794
1500
8541
7942
9024
6445
3721
7823
9945
4507
3959
3464
183
8153
9198
9345
165
3071
279
880
6473
7922
408
7984
4783
7291
2010
6594
5512
9624
9962
285
3109
7555
6883
9096
8462
649
7720
3045
7729
6634
175
8162
9407
340
6727
8323
3529
5986
2351
3915
8155
6998
8004
3265
7452
2916
5753
5494
8988
3070
3677
8008
7692
1972
1821
8329
7054
1241
3144
787
6024
9305
8206
8366
3686
4660
4724
3098
5595
7814
4285
9078
1265
2021
2354
9498
9936
968
2225
441
6405
2032
832
3347
6806
9818
9395
6999
3184
8063
9929
1136
6630
641
4408
5240
1053
2938
3429
5538
1824
3434
7950
5588
4739
7348
2320
9401
5452
4306
5884
3788
161
283
7909
2757
8326
7905
6658
5609
8395
402
1285
7870
7230
1091
1070
811
9484
2609
8854
107
4136
5866
4951
2268
2316
6876
307
1113
2196
5586
6559
6611
8997
5109
3983
6827
5377
2691
1382
8305
9723
3503
7833
3114
333
7504
122
1041
6955
1513
8878
732
681
2533
2844
1455
8895
8992
4856
7511
9669
4635
613
1027
6699
1121
2161
5177
236
2406
9151
2418
7793
8702
9019
1888
6491
8784
2422
2077
9904
3680
4056
2132
6198
9680
2362
1374
2301
3471
3119
2936
1837
7524
7966
4581
238
2890
1712
5
226
80
98
10
9514
9194
4495
5791
2524
7773
3946
6808
6677
8836
6751
7743
6212
3684
3805
4029
7122
288
1259
5545
133
6722
8227
3381
8707
7994
476
862
2901
7968
3194
8239
9002
9768
1641
8216
5776
9782
9713
6200
9021
4076
71
2051
3823
2594
3833
7422
8287
5813
4508
3568
755
1453
7642
2577
686
7684
9290
8382
8875
7636
136
761
9785
2097
2501
7277
2229
5778
931
8999
982
6531
9238
726
8158
1054
4786
1494
4145
1394
3507
2775
7413
7800
4760
8556
930
3956
5509
7053
4549
1695
2666
5902
9545
7095
4480
5508
4662
697
5530
7395
9131
1831
262
123
8066
9425
3575
6027
6263
4827
2825
1012
8448
6770
8991
9970
280
7327
8142
5997
3630
1286
6930
6704
1323
7873
3611
2330
1690
2965
716
6898
9546
8835
6048
6353
7910
5219
4834
8672
8573
7576
5981
2090
4483
5592
4113
3530
6377
778
1933
442
5193
1948
3693
1051
3938
1734
8180
3309
7168
1851
1421
9956
5305
7009
1733
8816
7939
6440
9293
5236
3697
7062
4230
4218
9268
3538
9188
5348
3484
5629
4510
5969
1553
5917
4984
3103
8474
5665
2314
7996
9133
8052
4413
5225
4347
5565
1776
1931
7208
6694
2160
7842
5598
8805
894
7558
1684
3380
4702
2008
4842
8637
5834
3051
698
6857
2790
6863
155
2340
9375
9067
7017
3393
5522
913
490
544
3993
541
3477
1137
5793
9272
335
5838
2852
4379
9365
7131
1248
5154
3480
3975
5334
42
858
4114
1261
9986
8865
9302
9097
8598
6695
3175
3115
7484
3390
619
7803
4874
488
739
2334
7314
5715
9585
2130
8534
2756
2640
8963
7540
9445
6111
9805
3486
3034
838
8400
5218
3292
9192
1515
5272
4407
810
498
1988
7679
2149
3876
7618
8964
2636
2931
6456
1123
4884
6167
5342
7970
7111
4409
8020
3308
2230
4966
7146
4622
2496
7639
3672
3908
9787
7685
1095
3771
4616
4341
198
3397
6702
7551
5338
4723
9289
7069
5254
6604
8738
4344
7397
7570
9323
6848
5551
4838
1438
7753
6427
7085
9132
2613
295
4518
317
9626
8851
4802
3743
7074
5771
8563
905
7204
6408
1322
6168
6267
9217
8130
2647
3171
8698
7887
3221
1669
9799
4462
5327
2394
4909
1067
8437
5246
8273
6645
2473
8754
5162
2209
682
3998
6005
471
3786
1207
1779
5265
6375
8231
4072
4870
8688
8825
2991
9298
1238
24
9663
5229
3377
6790
2943
8277
998
8553
1835
9098
414
2102
579
3031
6969
9926
706
5034
8294
9001
7539
6513
1548
209
8776
2877
1422
2011
3072
3886
3229
694
3865
798
480
1782
8937
876
2453
246
2679
1141
5297
9701
6529
3774
1063
6561
3629
4474
6505
2742
8516
6660
4646
7923
7260
8848
2236
9630
7805
3694
186
8285
8263
2553
4459
4790
8343
4935
669
7055
1103
4619
5671
1534
9815
4032
9023
5697
5237
8384
247
2191
111
1185
3979
4795
7297
6256
3026
8935
7930
6106
8809
5889
7060
6380
1389
1210
7515
4684
9744
5601
1223
8676
1625
7608
6334
8952
460
1792
2324
9128
3577
9959
7995
7574
2630
5078
5979
5053
8364
5528
4862
118
9244
2898
5961
1363
8938
764
9764
5049
1411
8023
8733
8933
9269
6580
2443
1664
5745
6252
584
9185
4327
4877
5695
8464
4333
9085
5657
2478
6635
7188
1662
4840
3625
1577
7907
1195
5120
8730
9309
6742
1883
7607
2325
2632
535
9440
5789
9313
6319
8949
9279
749
2434
7075
4208
8421
342
9605
4433
6895
7087
1780
6986
1668
7521
5749
7591
1464
7336
6471
3327
9474
7301
5271
328
9392
8024
8272
2066
4923
1408
1254
7228
3404
3196
5372
1357
6238
9967
6374
9833
3936
5195
6733
1414
861
9758
2375
6700
8794
8324
1077
4540
4515
1365
3255
3995
6045
9697
5975
6725
9373
8146
937
6549
308
3828
7261
2001
12
1299
1924
1804
1757
5141
130
6680
6618
9915
2515
6369
4665
3716
2243
6619
3409
8198
1046
5165
9614
3245
1503
819
142
5761
7983
9063
4976
4893
5850
3854
1157
9180
8695
3778
2788
1176
7382
9691
6723
2405
3284
2298
2810
5416
1640
5952
6877
8514
5415
4070
5999
5270
9424
9074
3534
9215
727
3441
4667
3452
1501
3746
2170
413
1160
5160
5644
8664
2669
1200
5197
8934
1392
2927
9762
5497
3930
9745
8281
2502
8804
6749
7040
3128
8078
8919
1844
2822
4301
7482
1889
7210
3955
5316
2809
9910
582
7432
4201
8645
2261
1864
345
2838
6049
3965
8441
9588
6905
3523
1217
7714
3583
1758
5284
4981
2599
2203
2448
3927
4872
1953
6685
3277
7652
5589
79
264
4902
6545
435
8616
662
3678
8288
1874
4914
4573
8085
4085
4953
1790
6158
9882
1547
6205
1777
1314
4303
2556
3582
2661
890
3179
6418
994
9952
6982
8843
8235
8505
2687
3744
132
6259
4534
3634
9790
251
4134
5463
7115
3200
9795
3224
9294
6146
5830
8422
629
9558
8678
6008
1996
4104
9322
625
4624
7379
4263
4297
2058
4010
8069
2431
9088
3156
7938
8064
7734
1762
5934
5913
6483
3319
1870
4499
2151
3580
185
8371
2743
7038
9786
1960
4852
8408
3094
1482
7303
8720
6669
3781
1066
7451
7686
5465
3191
4050
2972
1039
9883
6177
7046
2884
445
5504
1093
506
8909
5621
1593
8777
5248
8523
8922
9497
9467
940
3714
189
3055
9791
4714
3715
8723
5990
4931
8657
8145
5977
6075
9249
5752
2366
4661
348
3493
3202
6012
8953
8046
7123
9998
7365
8211
5656
2075
1143
7836
2799
555
1510
691
9502
5734
8157
5516
3408
5870
9156
3961
481
1378
5901
7162
6251
6455
7545
1521
8503
7474
3960
3942
281
6112
2433
4691
8625
8568
2251
5647
9475
8399
7388
8342
950
5648
1029
8311
6006
1237
3032
4261
1310
1387
1985
5299
2035
6258
2104
5950
7497
3325
3370
3872
4556
4900
1610
6632
5259
2227
9479
8973
6932
2180
2455
3892
1683
3724
8466
677
6297
2540
9057
297
6484
9256
1161
3262
3784
129
7133
9838
6089
3842
1089
9449
8817
8276
7454
3742
2853
6310
4615
7430
6864
1036
3571
1181
6506
1609
3220
9776
2460
8527
3708
3605
2520
1748
6093
59
3122
4740
9835
8197
1749
8564
6312
6460
1193
2832
1068
3846
2627
7740
5451
680
8170
2357
1407
3772
2033
5563
9565
2383
2934
4057
8077
9662
9402
1648
3572
6367
5153
6497
3068
7253
2774
3049
9868
7056
6309
7342
8193
2481
6935
7975
3311
396
3240
6760
6538
4804
9324
8003
4853
660
500
3451
7385
5279
7097
1231
2695
3183
4608
9608
8346
8852
7863
9778
9820
989
2984
3271
5260
9486
2395
3867
6567
3395
1117
8062
3232
8602
5602
7369
5434
843
8596
757
2264
6738
7480
5371
5223
9631
8974
7811
4149
4845
4671
2913
4353
4925
5569
4271
8856
157
1018
1736
6098
906
4652
6142
6624
3444
259
9880
2893
5088
7778
3306
7769
1787
410
4749
956
8221
6948
6082
6286
7927
707
7696
922
7818
8951
7203
2667
403
8521
4175
2781
8903
6595
2252
5483
2428
7465
823
9567
6830
144
3382
7501
6602
7446
9316
2758
4451
6052
9992
8495
8432
1528
9837
7882
4302
5511
5221
9730
7425
5926
229
8151
207
7179
8042
9325
7550
6443
7429
1974
6174
1249
5008
1251
5523
4588
1920
7536
5183
8182
1417
6564
8450
6754
8833
7438
2497
8982
1239
8230
2154
717
7151
3223
4473
671
4202
5063
267
601
7606
4564
562
4880
1808
7853
1101
343
4770
7754
1588
1016
6509
5468
889
5157
1320
7987
9562
8502
3811
2155
9593
5620
2004
3767
5072
8705
3332
2244
7862
9326
955
168
7611
2283
8091
6956
612
3514
2872
5898
9214
1947
8238
4
7332
4599
49
6950
592
3491
7584
1811
5739
7739
9560
6207
5425
1802
9888
4781
6642
5489
4170
9814
1633
3415
8168
7120
418
8790
8412
3713
6946
3921
6441
3219
907
4015
6280
1423
1843
2393
4669
2287
5454
2088
9889
6176
9964
2049
9197
2659
6953
1568
4738
8259
3969
3129
1043
925
3785
4580
2291
3901
6266
4194
4541
3683
3562
5477
9171
598
5619
1413
9073
8965
5414
1970
4712
2468
1653
5052
3027
5251
628
9983
9008
3795
7476
6533
7059
3411
1794
5448
6788
2138
8858
9327
9550
2967
7340
8921
1339
8601
6097
7532
4812
7114
8313
1033
8314
386
3820
3798
8630
991
1514
1612
5524
1199
2216
3352
8595
4424
5699
7136
2752
5230
3654
302
9051
5722
532
6896
8628
1469
2449
8456
9743
9413
8121
2041
634
6000
6525
770
9077
3187
4289
4109
9359
7065
9518
3509
4611
4918
5594
6486
5252
7352
3259
944
4907
926
4095
7509
3656
1922
3131
3365
1770
1461
4985
4655
5837
6537
5126
6539
3285
2873
8635
9213
7896
6517
8978
3275
577
5156
3522
6028
7126
5436
4013
4020
3062
3433
20
5224
8418
622
3112
9064
7411
4077
5437
5043
4934
7200
1151
7001
5161
5144
8463
7730
4833
4653
2552
9423
5988
5861
4318
9846
6621
3601
2192
6970
5020
1688
4177
8135
5899
1489
3954
1853
351
5879
1941
5202
3136
190
9462
2848
8970
9604
7924
1743
4233
169
8396
4955
2081
2800
7207
5949
2660
5326
4075
1096
4155
5288
5615
783
5599
6851
48
8519
3315
16
3809
2332
6199
5773
5948
9239
8942
8710
2474
8593
2163
7808
2510
2748
1627
2158
1216
1643
8873
5531
6302
7579
6056
5395
5359
4562
6196
935
3519
7854
5887
400
9940
2801
8447
5783
4350
8727
1798
6482
2753
1999
3884
1676
3472
8605
4317
1032
2867
9376
7239
8082
6697
9553
9692
3366
8098
194
6060
3459
9586
7078
2140
9042
9725
4558
5003
6719
9055
3602
3505
7516
2880
2536
6126
5974
2202
9735
3628
9052
9510
4943
1686
4927
1693
1312
6187
4950
4169
8002
3521
289
8862
388
8915
9544
5556
3690
6043
179
753
6968
3317
7976
8123
6305
5544
692
8187
9876
7599
3957
4858
3803
3426
4705
421
5795
1937
3551
9159
3720
4658
8354
2201
581
608
6983
8254
2480
4204
2570
5937
1384
7392
7847
9874
8427
4126
4651
8405
2105
7416
4545
8021
5744
4476
2048
4919
7431
9350
2256
4190
6957
3966
2555
2823
6944
7387
7903
5852
5640
673
387
5525
1778
9050
26
4312
1459
8966
468
6344
4394
3483
208
5079
4756
7143
8767
6557
4372
6625
60
4355
1381
8510
1542
985
9271
1022
5412
4325
4524
4102
7486
769
1002
43
3722
8461
7216
8076
6324
5441
8614
5668
9062
1597
6843
7986
8387
9637
5394
9893
3752
2116
4908
1109
4847
2836
9993
5774
9429
7311
3394
3753
576
9781
3524
4434
2469
5140
5325
2815
8059
4210
8936
5205
1806
1462
4039
5748
7236
7916
8526
7366
199
9937
5411
8567
6747
5093
4892
1321
7483
5973
6570
6150
2195
3712
8005
8545
574
3424
9381
2462
4288
8980
21
979
8467
3005
1131
3391
5874
4492
553
9736
8102
2779
9297
6648
9404
8660
7244
6616
5349
9414
493
7201
7225
8472
7267
5138
4977
2532
2959
9755
8280
7266
7506
1649
6647
7844
8715
5705
6475
1816
7526
6096
293
6100
4016
2290
841
6523
6308
432
6584
8604
1644
9516
9087
1076
3465
3793
5572
7572
483
8770
8074
7073
603
7326
9400
2874
7165
5923
4319
8761
6785
2506
1340
7141
9405
1552
3495
2735
5137
152
2837
5643
1815
1545
1481
6829
3812
9601
5180
9717
5312
334
7850
7954
8662
4484
9533
7356
8204
4166
7760
936
836
8428
4415
8317
9714
2305
8360
1158
8006
2446
2741
8126
5736
9160
9643
3073
6307
9727
9033
5150
5014
5877
6115
9339
7952
1319
1703
9250
737
1198
9726
2106
9104
2561
1169
2721
1277
4280
3932
6977
3569
4165
1406
2730
4191
6226
6037
1493
6461
3619
4504
6366
1656
5118
7125
5082
9
7192
4913
714
5857
9399
6707
3810
9068
1172
2111
6120
6687
6184
2621
4582
9276
8315
1275
5123
5417
8476
6768
3637
5419
2346
6894
9524
5583
6657
3912
3182
2767
3989
3591
8166
9673
597
2419
8293
6114
8532
6979
2602
1887
833
1148
96
141
8748
9746
8752
7709
6774
2253
365
2590
8613
1431
3603
9655
4274
518
4105
7860
2143
4595
8668
3576
9257
8968
5388
7305
5032
7012
7563
3797
959
8797
6762
1716
5607
457
2653
3192
8132
2986
2136
1178
5313
966
8443
1767
4436
8255
1718
6063
8161
3133
7629
8920
4901
6352
3676
7229
5406
6923
5865
7898
8398
2701
6686
5503
5439
7810
4860
7858
7616
2549
9922
2003
4313
877
3155
6404
2697
7317
7234
4924
4693
748
6592
9420
4107
1475
4068
4716
323
5628
6135
7553
1680
8898
7972
945
6285
6997
8884
6698
5484
6279
8611
997
2063
2272
1699
1114
8969
4750
9740
1283
5071
1605
2168
8874
9688
4129
140
2420
4883
5294
3875
4172
593
6214
674
3662
7600
1234
232
5409
286
8001
6548
7273
5940
9176
8681
3387
8274
7463
4345
7695
3535
9170
5652
5339
9801
8454
1278
8301
1581
5247
9292
3794
9606
8034
6317
3063
62
6480
3023
6524
2321
2946
4889
6234
2574
777
4718
4583
9172
5996
795
4101
6104
4031
3340
9037
2860
1659
8946
8245
5208
1945
3248
9284
3474
6164
4144
9352
3728
8083
3549
2840
2414
2700
6222
8240
712
4156
5398
6601
3011
7958
7648
397
2190
7321
1057
1088
1188
9921
1021
5582
809
1865
8228
8525
4179
3379
735
1037
6782
4620
6001
8891
4250
3940
2670
2806
4792
5217
6798
2912
6735
8127
9632
3226
1761
6755
963
3412
7427
9304
8607
1754
4844
7279
346
5827
9488
4758
1940
7178
8479
5355
6376
7223
6002
2319
6125
3449
9839
9821
1233
2119
3804
4248
6479
9987
1434
8298
6073
7565
3349
1132
2407
6416
8214
2162
5444
9472
5623
4229
3298
4604
4973
4666
7935
6151
6204
9090
9384
4896
580
4626
9434
5242
3149
8107
8363
7687
610
1969
5103
2482
7690
7890
4243
4864
4996
5381
3402
5426
7393
8431
273
4811
3294
4569
775
7779
7176
9875
8327
5910
4743
448
5653
6260
2485
2022
108
191
7377
5968
8826
6277
2587
2175
536
840
6032
36
5042
7911
8881
7130
8148
8624
3385
9295
5314
6318
5105
6726
2623
2827
7440
8814
1825
6880
5149
7124
337
8334
7466
8722
3428
8262
5025
6409
5760
6474
7573
7300
1614
5012
2865
7082
8653
5720
9985
7721
3974
5148
7790
9517
5360
8571
3487
4246
8990
3050
9590
7830
2358
6952
4236
565
9672
9206
9195
4002
1094
341
5039
6372
7559
2219
7632
2616
1566
41
7294
8047
1035
4168
3270
2278
2188
6965
1681
6466
776
5571
7472
9661
3361
5707
8820
2328
9377
8910
9478
5376
2384
2169
5818
3442
4871
5576
4054
2522
5907
5617
5198
9864
2678
5121
8845
9007
2213
5291
3446
5488
8632
4719
8539
4417
7278
2030
6908
8290
7173
8524
7320
5024
8099
6242
7478
3902
609
6381
197
5433
7594
7023
4944
1184
2178
3547
1628
1604
5267
4701
7312
9920
8251
7404
8555
916
7659
9496
6728
9813
1138
1670
3887
9263
4481
2343
5059
1105
1799
9765
6241
4974
8696
70
8887
73
4060
428
9003
7762
1439
1443
9963
200
6853
6175
9974
7174
1496
2302
924
8623
7028
5094
4881
6763
3350
1380
8196
8704
964
5258
4979
7117
3338
3806
1932
7240
2568
2818
4351
3844
9291
3939
705
9216
5263
9582
3775
9526
1990
6562
7077
3847
6415
1175
5040
2156
2416
6907
708
6609
7370
5564
4673
5794
1327
6431
9265
1523
2062
4268
7650
4184
1212
9485
5066
2387
6535
3054
8
6388
6503
422
9137
1838
6107
4632
8054
4559
7242
962
3213
2439
5422
28
6113
3660
6428
1352
4767
393
4500
9463
4157
5060
8547
6681
8203
2137
6886
5393
1072
1391
6938
5375
2476
4443
8181
3141
8954
5584
8703
6023
5843
865
9555
588
3973
187
3817
8413
6295
5637
3003
5554
8815
9262
7797
8832
3947
2386
8864
4637
8016
7717
5392
2983
3548
3389
652
3205
4561
6812
3280
193
2147
975
2945
5116
7906
4348
8087
8359
2237
7045
58
5893
6721
9829
6959
8620
1753
820
9370
6264
7489
312
2467
5447
606
8304
953
4876
5373
7671
7502
6211
2863
8682
5750
8779
5610
3443
6244
4392
5597
5344
3316
9564
6639
8174
272
7058
3500
7592
5965
218
8788
5030
872
7049
324
2523
2083
3405
564
5603
9307
2749
3945
709
1711
4214
1613
2960
1473
5970
9015
9347
7580
7127
4519
9357
3610
9233
5019
3106
5863
7832
6873
6064
845
9610
1270
4593
5332
1273
4601
1404
5362
3663
9798
9851
9870
6534
1576
1698
171
443
6040
2917
1989
8485
4383
666
645
5777
7258
4442
5767
5561
2000
6337
6499
2385
4034
5026
7845
7835
9458
426
1714
2388
699
8018
5811
1042
1243
9788
4605
7374
5724
5290
8838
7864
4965
5501
5639
339
3012
647
1544
9834
4991
8931
2194
57
4196
9060
7991
2950
8491
5010
6815
616
2547
239
1098
6553
656
8728
4759
1361
6696
1079
419
8989
9777
4553
855
638
2886
2896
6840
5743
9120
3335
7665
5925
2159
1078
8055
412
9169
3233
6612
9246
7777
5470
2464
4598
4715
9166
6274
9041
4717
9770
7132
6439
5758
5916
6370
8621
5453
7781
5158
4912
9040
1313
7774
31
5306
4197
4539
630
4239
6257
3910
3492
4410
824
9843
227
9794
7809
2835
2600
8627
7243
5600
9148
3364
9578
617
2135
163
768
6069
6470
3299
8513
2641
4078
949
6811
6692
7212
2738
6772
2941
6991
3816
5788
6357
859
3836
6835
5951
7530
253
7113
5188
4040
3461
2975
2224
9138
3134
5142
5562
1616
5036
882
9247
4035
5178
6384
9223
2249
8961
366
7129
6050
1585
9482
7891
6215
6801
5888
1813
6966
7789
3371
700
1487
3330
607
3859
4354
4110
7866
8981
4765
6414
6844
9933
2218
3243
9841
5704
4120
984
1652
6108
3481
7375
4406
9390
6453
6945
1371
4112
521
8766
5033
2146
6582
6809
7026
1011
4044
917
9766
901
9866
3542
5262
538
6333
7182
3883
7360
3357
974
4216
4536
1812
7010
1572
1471
153
851
6599
7931
5885
4087
8785
4808
7846
9651
5456
8381
7445
6902
4482
2052
4648
487
39
4887
8403
3598
3490
7219
5185
2626
9972
1437
8225
9286
8306
6676
1839
9094
4132
91
4378
1765
3288
7702
7051
4780
5557
6157
1786
8612
3143
1014
9548
4296
5731
9161
2337
9957
2619
7252
4680
4332
7879
2671
6076
368
2645
6631
6379
5908
5102
1474
3373
8031
1354
6051
7396
4321
2281
6757
3211
7716
6778
6399
9282
6759
2970
5464
8654
2644
2441
6978
7166
7588
4846
5703
7339
1044
4775
5802
8644
605
8760
7581
9754
7318
5764
6936
6231
1307
8455
1935
6253
7391
3918
6406
7828
2504
1065
4801
7840
849
3835
1898
7368
1814
6781
6121
9089
2275
7142
1875
6481
8410
4594
5096
6540
6354
8819
3741
4969
7213
8823
6963
2503
6889
9535
9810
4859
3740
3792
9905
5319
5469
3346
489
2787
5535
6716
7016
1536
5061
4307
6328
9515
2095
3517
3295
4052
7152
9218
1006
5386
4404
5382
2276
4891
6964
3463
1665
8927
2696
2284
2053
8793
1222
2282
5310
1336
9261
1975
8603
6450
4456
3225
6903
1346
3560
1687
3769
6961
2342
8370
5685
525
9296
5800
34
450
1348
6255
8267
9504
3761
5804
1981
6641
389
1756
3036
9752
9005
5712
360
9594
3244
2020
4639
1903
6131
2165
6665
670
3145
516
2076
4618
6250
3734
2179
6122
5958
946
9924
1788
9587
3673
1522
9299
800
7673
2680
2849
4625
4457
6633
1906
8115
9432
1755
1532
4688
7758
4142
8757
9388
7741
4939
4291
3612
8799
6574
5018
3789
1130
6927
8801
7977
1982
8599
3161
5886
9780
5366
1235
5709
7664
7597
4903
5385
5487
6887
2655
4675
1504
3592
6434
7070
2921
1715
496
4389
970
6293
4273
9592
6862
8007
4744
475
1897
6077
5379
6014
888
5352
1872
8868
5835
5782
1657
7843
278
8580
5930
93
125
8985
6679
2057
2784
4686
4713
1582
2996
2107
9709
543
2525
255
8925
8610
1791
9971
2911
5191
8096
3004
6973
898
4822
9968
3305
9511
2507
502
6530
4826
6015
1538
6547
5117
4444
6099
7886
3460
8258
3891
1119
2985
5333
8863
1961
8743
6990
2115
1107
5000
4628
6871
5824
7775
4322
6314
7885
6039
814
1602
3506
8407
2995
7211
5345
7139
8673
4009
2978
8572
9607
1208
720
4429
9338
9248
1289
3456
3368
3473
9575
1820
3667
8303
7004
9004
6593
1069
1167
9222
5823
8139
9470
2770
4571
1099
8967
6247
4173
2200
8093
1702
4382
8271
137
1466
9859
3117
4963
3403
1325
5403
4552
4837
1793
2397
7304
4956
6395
5807
2426
2117
620
8446
4936
5579
7042
7736
4103
5067
9253
1730
4922
3757
2932
7874
1399
1836
1122
447
9969
1634
8515
3276
2079
4427
8086
5266
1297
2423
7829
2768
2074
9554
7473
1271
3170
7510
8302
8629
9881
8056
9741
6520
6019
7571
1081
2293
9767
1607
4734
4525
2157
2059
4933
9649
6689
1168
9255
417
6541
282
4206
7420
6640
3545
54
5146
4522
5147
4153
6299
6137
2761
6575
3826
4761
7018
7561
8154
7109
2918
2724
1963
2245
55
1819
1024
7767
8548
8594
8622
9331
4650
7667
4690
45
4636
8729
657
869
8872
8195
9306
1731
149
7106
8745
5570
6194
8871
7034
6465
6522
6985
3006
3018
4523
2879
5075
3970
558
8578
2023
1773
7149
3039
4916
2129
9438
8987
1401
4882
6546
2563
2271
372
4425
2969
6327
6011
6528
6512
9036
8133
554
4921
5390
2176
7347
9779
3085
9028
409
2309
7270
6348
8088
8494
6703
1511
9308
4292
3154
5727
1729
9804
4277
7198
3941
7325
7956
1228
6230
1083
8072
1845
4869
8041
5057
9189
6495
9719
1420
8665
4954
5013
7507
4959
4825
8636
5100
2
109
791
5667
6709
1262
2919
8529
4940
4848
8740
4566
519
1745
3958
8588
7371
8841
9579
2648
3516
2250
6792
8886
9984
4163
7036
6223
5542
7363
6628
6502
3950
3186
8725
9012
910
7417
1483
4037
1306
3864
9934
3142
9615
8759
2732
160
6847
1023
2537
234
9618
5806
5868
8036
8671
7615
3831
399
6544
3765
9451
987
3581
4763
9784
8590
2221
5613
5605
7710
2992
6393
665
4186
5347
5170
3160
595
4819
8535
3468
4964
9227
7547
596
9251
2702
6861
4241
2795
563
248
7390
2922
7121
327
7505
1405
5911
3204
5206
2310
6992
3801
4211
5655
5858
8095
9771
8500
8434
3972
9845
8279
5090
6951
8045
8877
1942
5781
7011
1416
3976
212
9091
4349
8282
4643
9911
5912
2683
294
3410
7063
4151
3709
4641
5340
5513
2031
3310
8829
6276
8369
6022
6094
8061
1432
7784
2786
1154
8540
4596
1351
3779
6911
5896
5361
392
9619
762
7990
68
9830
7039
4033
9280
7158
7619
1623
4478
5350
7498
3420
9620
7322
3167
7447
9368
1020
6338
4584
9591
1127
8194
4782
4148
4496
9847
4336
602
7878
9086
5485
4279
4517
1726
1028
2425
156
5368
1524
275
7196
1485
5651
806
8104
1425
1841
7485
4485
799
4252
9999
2592
1019
6059
9344
5486
8912
4554
3787
933
5458
7389
4885
4465
524
4006
6924
1740
8109
3717
1630
7044
6449
2833
7409
6392
2401
7796
515
9947
2684
6916
2881
455
9464
1615
5430
3671
2957
9450
1579
6235
9712
807
1372
8544
9237
6818
8397
7838
2535
9561
2571
2924
8260
4265
2086
2739
3508
2977
5854
6638
1305
1162
8243
1750
7989
1112
3613
8236
6350
6433
9136
2505
6882
6080
1110
9975
6675
6172
5283
6074
1900
3218
702
8586
318
3398
2382
7313
101
9054
8795
241
9259
5384
263
1709
9427
8048
5938
1448
7894
4399
2471
367
3033
2442
8286
6565
2002
6854
1771
9892
1877
5539
7138
2583
7708
8349
5502
5625
5553
8319
7442
3532
3253
1301
1244
19
1800
3312
8205
895
3527
7837
5196
1685
4187
127
2402
3358
6736
1134
2042
9772
3052
7962
1332
5711
268
6756
4742
8430
5982
4764
2415
672
4262
4079
9456
2581
164
3203
5575
7552
119
1017
4235
1901
3413
3216
2339
3488
2608
9749
4234
6596
5755
3077
9978
1263
8017
9682
5666
6974
6452
2005
5462
7503
8659
1679
3659
2484
3614
4703
1642
1621
4890
8219
7807
2198
5389
7852
8846
4055
3157
3059
6914
3850
3858
2876
3107
817
9069
7791
3687
7766
7338
2597
9321
4873
1508
8639
3701
9034
2765
4209
639
2241
3913
7612
7628
8269
7934
9653
1516
4027
8765
8894
4128
866
4314
5482
4926
3911
5936
9202
7296
9260
8213
4621
3586
4360
2108
7105
6447
7104
2543
6425
8169
5169
6192
8683
6323
8386
8232
3992
3543
3047
3515
5618
9638
5669
2662
6917
5757
3749
4550
7993
4937
8207
939
4283
6078
3343
356
1517
8233
6591
9988
7110
2646
50
9134
8482
9549
6421
9850
7298
9178
1539
1225
5956
8648
9243
6383
3362
2903
228
7247
2060
1578
9853
8444
3281
5065
3756
7403
8118
6390
4506
4610
6550
1660
3419
9797
2092
5238
6885
3829
3664
7233
1635
5719
434
9408
599
1227
5293
8689
423
4420
7560
5991
8780
4096
8300
7643
338
4828
7756
182
5506
1152
7765
5633
678
9645
5155
1512
3615
7849
3584
5163
9982
4162
309
9656
1182
2359
85
382
3198
6878
7265
1280
10000
3512
1080
973
1823
196
1672
4405
2755
4958
2214
1010
2187
9155
3231
9872
4794
2307
8751
1557
5074
8307
6508
6856
4696
4603
5435
5812
5085
3494
3909
4188
9684
2338
904
7654
3758
7999
5047
633
3502
139
3195
2445
4158
4045
4439
9113
4440
2461
219
5654
5104
3556
8543
46
2220
2262
7209
1253
5738
6494
703
3469
9081
875
6004
831
2711
3017
6724
1187
5627
352
9154
5407
4435
3822
5935
7631
5892
8798
6444
9668
7159
1592
8542
82
1360
242
4311
4746
7135
1326
3069
8308
7820
4544
4269
5596
462
8615
1842
33
2744
6678
6967
3725
1957
5089
260
4789
5820
5726
8210
4393
1608
2782
9499
4762
6068
4568
274
4472
8528
6186
5171
3418
8652
1671
6510
6714
3313
7274
7520
9930
4441
2868
6771
2421
2675
2073
8769
9127
8164
7491
7881
1822
5702
4823
9349
83
1129
2582
9600
3140
7596
7406
992
7813
2450
7798
1220
9389
6870
7437
5145
1930
1962
6743
2265
8490
7226
801
1519
1106
3323
1868
9563
693
7426
357
2622
1890
2109
8299
1362
9824
4310
4305
5354
2024
7496
2651
2360
7299
559
6201
5526
874
6246
7367
6581
5927
4776
4699
9046
6423
159
8538
7877
1209
6382
6136
7770
5092
1125
5401
4363
1040
7072
6356
9595
3360
6189
9205
1936
2750
6786
5972
8379
9678
110
4992
6995
9718
2989
6105
527
5474
8291
5634
2673
1047
8032
8811
3342
7602
4503
2150
215
9441
7309
6947
1968
6597
3479
7825
9994
6153
6373
2222
8417
4328
934
9101
9013
2185
7733
7090
5732
6110
1026
990
8084
7672
9996
4256
789
5867
4768
1166
9831
5119
3702
1366
8268
8081
181
3554
6600
3674
2541
5635
5984
6921
4019
8940
7193
1186
9642
5817
6942
7902
3173
3623
8452
3028
9252
4397
9724
4464
9398
4488
4365
6684
2128
9895
4602
9802
839
2370
5490
1232
3984
1951
6342
1611
7926
5681
9836
9465
7568
6227
6313
2841
5341
4961
8506
3881
6980
3081
3087
6316
4557
1484
8582
8040
2465
3933
5134
5038
6365
523
9665
4048
2885
7655
358
627
3351
9918
1191
6119
2300
9644
4386
5028
6789
332
4008
1971
3296
4725
2313
5427
7295
1230
5543
5062
3768
1852
135
3737
6485
9816
2255
4575
1480
1189
2796
6919
9635
988
6912
2260
4798
300
306
5097
9733
5945
9949
8014
1252
1556
7084
9523
4806
5642
1426
4232
9581
5836
9229
8094
5944
1700
4227
4119
6737
6463
969
995
9071
5232
6148
7041
9332
8716
1061
1573
4362
8043
7856
1533
491
8721
7218
8606
9869
1895
1858
7727
9241
7749
8783
9319
4260
3882
7099
4778
3148
1005
270
2703
1505
1535
9139
5831
5766
5967
8609
9341
2980
5335
6091
8666
9521
7386
8200
8090
206
6909
9890
9887
2148
2674
6605
8546
7307
4131
5670
4614
5955
9728
8501
8310
8261
6057
1250
9022
2491
47
224
2289
2223
90
7330
2604
3126
9901
2483
1647
9361
4343
6095
9674
4014
1894
1170
1211
1153
9190
711
7666
4494
1147
6062
5851
2071
2210
5280
1450
7831
6254
8581
860
5281
816
8058
6900
6438
3880
1769
8345
9848
4468
9031
4796
8849
1274
5675
5492
7957
9346
7439
842
6940
7817
5056
8192
9266
9461
1177
1678
9393
8335
2257
1911
7031
4600
9380
5275
311
4062
9698
1163
3100
3658
7587
8106
7021
615
1506
6526
8971
2355
7235
7554
4461
730
7633
2962
2322
9917
9513
8112
903
9706
7337
8618
539
1752
8566
1165
7888
7598
1409
8554
1873
9536
4431
9162
4560
3878
2028
2233
4467
7513
3166
5420
6571
9200
5747
6796
7080
1071
8656
6360
2452
8375
914
2499
9508
919
485
4247
2736
1203
3692
6585
3759
3570
3274
1276
545
2044
7175
1701
8134
9048
2174
9670
943
2603
4576
5515
8902
4400
6464
4422
3608
4529
9552
7195
6929
7944
4337
9020
4962
4066
8114
3718
3905
5199
6836
6661
2719
3287
1375
1954
5114
9539
5533
3839
5336
2034
2231
8592
4915
6674
6758
846
2834
9025
7748
6752
1551
7364
3648
3652
446
1598
7328
2380
3057
8626
6129
7742
1330
5098
8331
7227
6805
5498
4453
350
8718
3919
900
6145
600
8679
5527
9687
2576
9877
8352
8560
4835
4295
5616
459
4438
362
782
3341
2811
2459
1691
6748
3111
6817
9572
1809
2254
5536
7479
5841
2529
56
1097
8944
2456
1938
5735
5337
8039
3246
952
7290
4674
9958
929
4899
8486
766
1468
373
651
7711
2329
1912
2601
2566
6170
5840
398
1282
1559
9093
965
6233
879
2526
4706
8834
5174
1724
2400
3168
2304
5614
3282
1205
6934
3977
2436
6345
4769
7634
6987
1980
9783
3376
7827
7620
6516
4654
679
3293
796
8377
3256
4849
960
2804
8147
5957
4748
9731
5440
205
4028
6865
3297
6780
6304
5022
6359
2966
8549
44
9270
9175
7186
1626
8511
8242
5725
534
7603
5941
850
996
1367
8033
437
7249
5547
3513
8385
1946
9109
9437
9469
3573
2699
427
9919
9150
5050
8110
6477
6690
503
3303
2573
7917
4278
5816
7822
7254
4563
2579
8105
9236
8390
6850
8264
8433
1492
2794
5919
9570
4395
4570
826
6989
5534
8028
6162
3135
2769
9430
738
5604
772
494
1164
221
9124
5552
9928
2948
124
6515
742
2263
6118
3273
7217
8163
8030
6807
4323
7224
9473
9973
7359
9351
3089
2773
6879
8950
9072
2897
3645
1001
932
3120
3302
2212
6426
8178
5215
573
4017
7187
2842
2677
7637
2839
2606
3511
3783
6662
3344
7102
76
7871
9854
6448
9358
1549
4282
4681
8167
4867
2494
5467
7086
2444
2082
170
6341
2458
522
1570
5855
2843
6893
3423
5856
2477
1257
6834
5115
2947
8883
472
2715
378
6855
915
6437
9654
4589
6875
8685
5080
1356
9860
7982
92
2352
7383
867
6527
3726
3655
604
5550
9061
6413
9110
4181
8914
3079
4755
6607
3935
6532
1943
8404
9364
3401
9333
9315
3369
4133
8517
6761
477
5847
4135
5048
1477
8866
6147
6656
2637
754
147
9886
547
3084
4572
7177
6943
6839
5717
9099
3632
9622
237
5947
7256
9732
7424
2530
6156
5875
3838
3336
440
2142
9105
8713
3086
7408
4898
9454
2889
4470
1891
2016
1994
9422
3080
8119
8781
114
1410
3498
7913
7940
897
7857
8356
9320
1498
4359
3030
2318
9912
3533
7645
9609
4824
4774
6800
1344
6349
6837
852
3561
